* /home/drako/applications/esim-2.1/library/subcircuitlibrary/xor_gate/xor_gate.cir
Transient Analysis  Mon Jun 28 21:26:33  2021
--------------------------------------------------------------------------------
Index   time            v1#branch       v2#branch       v3#branch       
--------------------------------------------------------------------------------
0	0.000000e+00	-2.10551e-10	0.000000e+00	0.000000e+00	
1	1.000000e-09	3.050933e-07	-2.00797e-07	-2.02605e-07	
2	2.000000e-09	3.131202e-07	-2.03180e-07	-2.03981e-07	
3	4.000000e-09	3.147003e-07	-2.02687e-07	-2.03287e-07	
4	8.000000e-09	3.147663e-07	-2.02204e-07	-2.03041e-07	
5	1.600000e-08	3.202073e-07	-2.05168e-07	-2.06013e-07	
6	3.200000e-08	-6.63069e-07	-2.56233e-07	-2.40524e-07	
7	5.085288e-08	-8.15346e-05	-4.68452e-07	-3.61060e-07	
8	6.848989e-08	-2.03279e-04	-3.43759e-07	-3.98922e-07	
9	8.339639e-08	-1.08486e-04	-7.99697e-08	3.243768e-07	
10	9.392399e-08	-5.83084e-05	-4.55485e-07	-5.09334e-07	
11	1.000000e-07	-5.32547e-05	-2.13846e-07	2.461036e-08	
12	1.010724e-07	-4.78664e-05	1.152415e-07	4.437414e-08	
13	1.032171e-07	-4.68421e-05	-9.56792e-08	-3.61724e-08	
14	1.075065e-07	-4.77323e-05	8.711287e-08	3.257661e-08	
15	1.138771e-07	-4.69086e-05	-8.17360e-08	-3.03605e-08	
16	1.266181e-07	-4.76942e-05	7.911328e-08	2.920494e-08	
17	1.521002e-07	-4.69269e-05	-7.78949e-08	-2.87241e-08	
18	2.030643e-07	-4.76853e-05	7.725677e-08	2.844125e-08	
19	3.030643e-07	-4.69314e-05	-7.69507e-08	-2.83214e-08	
20	4.030643e-07	-4.76823e-05	7.663016e-08	2.818145e-08	
21	5.030643e-07	-4.69344e-05	-7.63221e-08	-2.80574e-08	
22	6.030643e-07	-4.76794e-05	7.600733e-08	2.792041e-08	
23	7.030643e-07	-4.69373e-05	-7.57015e-08	-2.77973e-08	
24	8.030643e-07	-4.76764e-05	7.538913e-08	2.766132e-08	
25	9.030643e-07	-4.69403e-05	-7.50856e-08	-2.75391e-08	
26	1.003064e-06	-4.76735e-05	7.477553e-08	2.740417e-08	
27	1.103064e-06	-4.69432e-05	-7.44742e-08	-2.72829e-08	
28	1.203064e-06	-4.76706e-05	7.416648e-08	2.714895e-08	
29	1.303064e-06	-4.69461e-05	-7.38674e-08	-2.70286e-08	
30	1.403064e-06	-4.76677e-05	7.356196e-08	2.689563e-08	
31	1.503064e-06	-4.69489e-05	-7.32651e-08	-2.67761e-08	
32	1.603064e-06	-4.76649e-05	7.296193e-08	2.664420e-08	
33	1.703064e-06	-4.69518e-05	-7.26673e-08	-2.65256e-08	
34	1.803064e-06	-4.76620e-05	7.236635e-08	2.639466e-08	
35	1.903064e-06	-4.69546e-05	-7.20739e-08	-2.62770e-08	
36	2.003064e-06	-4.76592e-05	7.177520e-08	2.614698e-08	
37	2.103064e-06	-4.69574e-05	-7.14849e-08	-2.60302e-08	
38	2.203064e-06	-4.76564e-05	7.118844e-08	2.590115e-08	
39	2.303064e-06	-4.69602e-05	-7.09003e-08	-2.57852e-08	
40	2.403064e-06	-4.76536e-05	7.060603e-08	2.565716e-08	
41	2.503064e-06	-4.69630e-05	-7.03200e-08	-2.55421e-08	
42	2.603064e-06	-4.76509e-05	7.002795e-08	2.541499e-08	
43	2.703064e-06	-4.69657e-05	-6.97441e-08	-2.53008e-08	
44	2.803064e-06	-4.76482e-05	6.945417e-08	2.517464e-08	
45	2.903064e-06	-4.69684e-05	-6.91724e-08	-2.50613e-08	
46	3.003064e-06	-4.76454e-05	6.888464e-08	2.493608e-08	
47	3.103064e-06	-4.69711e-05	-6.86049e-08	-2.48236e-08	
48	3.203064e-06	-4.76428e-05	6.831935e-08	2.469931e-08	
49	3.303064e-06	-4.69738e-05	-6.80417e-08	-2.45877e-08	
50	3.403064e-06	-4.76401e-05	6.775825e-08	2.446431e-08	
51	3.503064e-06	-4.69765e-05	-6.74827e-08	-2.43535e-08	
52	3.603064e-06	-4.76374e-05	6.720132e-08	2.423107e-08	
53	3.703064e-06	-4.69791e-05	-6.69278e-08	-2.41211e-08	
54	3.803064e-06	-4.76348e-05	6.664853e-08	2.399957e-08	

Index   time            v1#branch       v2#branch       v3#branch       
--------------------------------------------------------------------------------
55	3.903064e-06	-4.69817e-05	-6.63770e-08	-2.38904e-08	
56	4.003064e-06	-4.76322e-05	6.609985e-08	2.376980e-08	
57	4.103064e-06	-4.69843e-05	-6.58303e-08	-2.36615e-08	
58	4.203064e-06	-4.76296e-05	6.555524e-08	2.354175e-08	
59	4.303064e-06	-4.69869e-05	-6.52877e-08	-2.34342e-08	
60	4.403064e-06	-4.76270e-05	6.501467e-08	2.331541e-08	
61	4.503064e-06	-4.69895e-05	-6.47491e-08	-2.32087e-08	
62	4.603064e-06	-4.76245e-05	6.447812e-08	2.309076e-08	
63	4.703064e-06	-4.69920e-05	-6.42146e-08	-2.29848e-08	
64	4.803064e-06	-4.76219e-05	6.394555e-08	2.286779e-08	
65	4.903064e-06	-4.69946e-05	-6.36839e-08	-2.27627e-08	
66	5.003064e-06	-4.76194e-05	6.341694e-08	2.264649e-08	
67	5.100000e-06	-4.69971e-05	-6.31491e-08	-2.25388e-08	
68	5.110000e-06	-6.26608e-05	2.894659e-07	6.614616e-10	
69	5.130000e-06	-1.03841e-04	3.195183e-07	-1.59041e-07	
70	5.148659e-06	-7.28773e-05	-2.82719e-07	-4.21875e-07	
71	5.160921e-06	-4.60251e-05	7.890399e-07	4.046921e-07	
72	5.173058e-06	-4.94399e-05	-3.53119e-07	-3.87963e-07	
73	5.188117e-06	-4.34159e-05	7.140717e-07	3.739989e-07	
74	5.200000e-06	-4.94600e-05	-3.91354e-07	-3.58237e-07	
75	5.203012e-06	-4.64756e-05	-3.65184e-09	-1.60438e-08	
76	5.209036e-06	-4.63751e-05	3.595041e-09	1.548406e-08	
77	5.221083e-06	-4.64730e-05	-3.56907e-09	-1.52115e-08	
78	5.244422e-06	-4.63763e-05	3.551463e-09	1.507256e-08	
79	5.291101e-06	-4.64724e-05	-3.54584e-09	-1.50034e-08	
80	5.384458e-06	-4.63767e-05	3.541561e-09	1.496897e-08	
81	5.484458e-06	-4.64721e-05	-3.53862e-09	-1.49368e-08	
82	5.584458e-06	-4.63769e-05	3.534904e-09	1.490482e-08	
83	5.684458e-06	-4.64720e-05	-3.53193e-09	-1.48728e-08	
84	5.784458e-06	-4.63771e-05	3.528215e-09	1.484096e-08	
85	5.884458e-06	-4.64718e-05	-3.52524e-09	-1.48091e-08	
86	5.984458e-06	-4.63773e-05	3.521532e-09	1.477736e-08	
87	6.084458e-06	-4.64716e-05	-3.51856e-09	-1.47456e-08	
88	6.184458e-06	-4.63775e-05	3.514853e-09	1.471402e-08	
89	6.284458e-06	-4.64714e-05	-3.51188e-09	-1.46824e-08	
90	6.384458e-06	-4.63776e-05	3.508180e-09	1.465093e-08	
91	6.484458e-06	-4.64712e-05	-3.50521e-09	-1.46195e-08	
92	6.584458e-06	-4.63778e-05	3.501512e-09	1.458809e-08	
93	6.684458e-06	-4.64710e-05	-3.49854e-09	-1.45568e-08	
94	6.784458e-06	-4.63780e-05	3.494850e-09	1.452550e-08	
95	6.884458e-06	-4.64708e-05	-3.49188e-09	-1.44943e-08	
96	6.984458e-06	-4.63782e-05	3.488193e-09	1.446317e-08	
97	7.084458e-06	-4.64706e-05	-3.48522e-09	-1.44321e-08	
98	7.184458e-06	-4.63784e-05	3.481542e-09	1.440108e-08	
99	7.284458e-06	-4.64704e-05	-3.47857e-09	-1.43701e-08	
100	7.384458e-06	-4.63786e-05	3.474896e-09	1.433925e-08	
101	7.484458e-06	-4.64702e-05	-3.47193e-09	-1.43084e-08	
102	7.584458e-06	-4.63788e-05	3.468255e-09	1.427766e-08	
103	7.684458e-06	-4.64700e-05	-3.46529e-09	-1.42469e-08	
104	7.784458e-06	-4.63790e-05	3.461621e-09	1.421632e-08	
105	7.884458e-06	-4.64698e-05	-3.45865e-09	-1.41857e-08	
106	7.984458e-06	-4.63792e-05	3.454992e-09	1.415522e-08	
107	8.084458e-06	-4.64696e-05	-3.45203e-09	-1.41248e-08	
108	8.184458e-06	-4.63794e-05	3.448368e-09	1.409437e-08	
109	8.284458e-06	-4.64694e-05	-3.44540e-09	-1.40640e-08	
110	8.384458e-06	-4.63796e-05	3.441751e-09	1.403377e-08	
111	8.484458e-06	-4.64693e-05	-3.43879e-09	-1.40035e-08	
112	8.584458e-06	-4.63797e-05	3.435139e-09	1.397340e-08	

Index   time            v1#branch       v2#branch       v3#branch       
--------------------------------------------------------------------------------
113	8.684458e-06	-4.64691e-05	-3.43218e-09	-1.39433e-08	
114	8.784458e-06	-4.63799e-05	3.428534e-09	1.391328e-08	
115	8.884458e-06	-4.64689e-05	-3.42557e-09	-1.38833e-08	
116	8.984458e-06	-4.63801e-05	3.421934e-09	1.385341e-08	
117	9.084458e-06	-4.64687e-05	-3.41898e-09	-1.38235e-08	
118	9.184458e-06	-4.63803e-05	3.415340e-09	1.379377e-08	
119	9.284458e-06	-4.64685e-05	-3.41238e-09	-1.37640e-08	
120	9.384458e-06	-4.63805e-05	3.408753e-09	1.373437e-08	
121	9.484458e-06	-4.64683e-05	-3.40580e-09	-1.37048e-08	
122	9.584458e-06	-4.63807e-05	3.402171e-09	1.367521e-08	
123	9.684458e-06	-4.64681e-05	-3.39922e-09	-1.36457e-08	
124	9.784458e-06	-4.63809e-05	3.395596e-09	1.361629e-08	
125	9.884458e-06	-4.64680e-05	-3.39264e-09	-1.35869e-08	
126	9.984458e-06	-4.63810e-05	3.389026e-09	1.355761e-08	
127	1.000000e-05	-4.64673e-05	-3.36962e-09	-1.33703e-08	
128	1.000552e-05	-4.63031e-05	-1.58411e-07	3.807374e-10	
129	1.001656e-05	-4.62313e-05	-1.66467e-07	4.530159e-10	
130	1.003863e-05	-4.85959e-05	-2.39918e-07	-8.18905e-11	
131	1.006582e-05	-1.14703e-04	-2.99756e-07	5.269413e-10	
132	1.009444e-05	-5.87397e-05	4.305169e-08	4.024717e-07	
133	1.010000e-05	-4.43813e-05	-5.80307e-07	-5.51079e-08	
134	1.010265e-05	-5.10285e-05	-1.92850e-08	2.133633e-07	
135	1.010796e-05	-5.93758e-05	1.806006e-08	2.356152e-07	
136	1.011844e-05	-7.78965e-05	-1.74066e-08	2.261923e-07	
137	1.012932e-05	-1.00089e-04	1.729102e-08	2.677292e-07	
138	1.014213e-05	-9.03588e-05	-1.34757e-07	-1.88326e-07	
139	1.015046e-05	-5.78751e-05	1.198464e-07	8.058477e-07	
140	1.015828e-05	-5.36353e-05	-1.02406e-07	-1.80151e-07	
141	1.016861e-05	-3.94241e-05	9.124047e-08	6.532697e-07	
142	1.018633e-05	-4.83704e-05	-8.37737e-08	-1.21341e-07	
143	1.020000e-05	-3.95275e-05	7.568614e-08	4.954961e-07	
144	1.020173e-05	-4.36549e-05	1.638612e-08	-7.30373e-09	
145	1.020518e-05	-4.39287e-05	-1.54289e-08	6.549693e-09	
146	1.021209e-05	-4.36676e-05	1.497194e-08	-6.27427e-09	
147	1.022452e-05	-4.39224e-05	-1.47245e-08	6.036491e-09	
148	1.024938e-05	-4.36709e-05	1.460251e-08	-6.01197e-09	
149	1.029910e-05	-4.39208e-05	-1.45414e-08	5.911671e-09	
150	1.039855e-05	-4.36717e-05	1.451125e-08	-5.94289e-09	
151	1.049855e-05	-4.39203e-05	-1.44810e-08	5.871508e-09	
152	1.059855e-05	-4.36722e-05	1.445106e-08	-5.89821e-09	
153	1.069855e-05	-4.39197e-05	-1.44211e-08	5.830629e-09	
154	1.079855e-05	-4.36728e-05	1.439121e-08	-5.85398e-09	
155	1.089855e-05	-4.39192e-05	-1.43613e-08	5.789704e-09	
156	1.099855e-05	-4.36733e-05	1.433161e-08	-5.81018e-09	
157	1.109855e-05	-4.39187e-05	-1.43019e-08	5.748783e-09	
158	1.119855e-05	-4.36738e-05	1.427226e-08	-5.76677e-09	
159	1.129855e-05	-4.39181e-05	-1.42426e-08	5.707904e-09	
160	1.139855e-05	-4.36743e-05	1.421316e-08	-5.72371e-09	
161	1.149855e-05	-4.39176e-05	-1.41837e-08	5.667095e-09	
162	1.159855e-05	-4.36749e-05	1.415431e-08	-5.68099e-09	
163	1.169855e-05	-4.39171e-05	-1.41249e-08	5.626380e-09	
164	1.179855e-05	-4.36754e-05	1.409571e-08	-5.63857e-09	
165	1.189855e-05	-4.39166e-05	-1.40665e-08	5.585776e-09	
166	1.199855e-05	-4.36759e-05	1.403735e-08	-5.59645e-09	
167	1.209855e-05	-4.39161e-05	-1.40082e-08	5.545298e-09	
168	1.219855e-05	-4.36764e-05	1.397924e-08	-5.55462e-09	
169	1.229855e-05	-4.39155e-05	-1.39502e-08	5.504958e-09	
170	1.239855e-05	-4.36769e-05	1.392137e-08	-5.51306e-09	

Index   time            v1#branch       v2#branch       v3#branch       
--------------------------------------------------------------------------------
171	1.249855e-05	-4.39150e-05	-1.38925e-08	5.464764e-09	
172	1.259855e-05	-4.36774e-05	1.386374e-08	-5.47176e-09	
173	1.269855e-05	-4.39145e-05	-1.38350e-08	5.424725e-09	
174	1.279855e-05	-4.36780e-05	1.380635e-08	-5.43072e-09	
175	1.289855e-05	-4.39140e-05	-1.37777e-08	5.384847e-09	
176	1.299855e-05	-4.36785e-05	1.374921e-08	-5.38994e-09	
177	1.309855e-05	-4.39135e-05	-1.37207e-08	5.345135e-09	
178	1.319855e-05	-4.36790e-05	1.369230e-08	-5.34939e-09	
179	1.329855e-05	-4.39130e-05	-1.36639e-08	5.305594e-09	
180	1.339855e-05	-4.36795e-05	1.363564e-08	-5.30909e-09	
181	1.349855e-05	-4.39125e-05	-1.36074e-08	5.266227e-09	
182	1.359855e-05	-4.36800e-05	1.357921e-08	-5.26903e-09	
183	1.369855e-05	-4.39120e-05	-1.35510e-08	5.227038e-09	
184	1.379855e-05	-4.36805e-05	1.352301e-08	-5.22919e-09	
185	1.389855e-05	-4.39115e-05	-1.34950e-08	5.188028e-09	
186	1.399855e-05	-4.36810e-05	1.346705e-08	-5.18959e-09	
187	1.409855e-05	-4.39110e-05	-1.34391e-08	5.149201e-09	
188	1.419855e-05	-4.36815e-05	1.341133e-08	-5.15022e-09	
189	1.429855e-05	-4.39105e-05	-1.33835e-08	5.110557e-09	
190	1.439855e-05	-4.36820e-05	1.335584e-08	-5.11107e-09	
191	1.449855e-05	-4.39100e-05	-1.33281e-08	5.072098e-09	
192	1.459855e-05	-4.36824e-05	1.330058e-08	-5.07214e-09	
193	1.469855e-05	-4.39095e-05	-1.32730e-08	5.033826e-09	
194	1.479855e-05	-4.36829e-05	1.324555e-08	-5.03343e-09	
195	1.489855e-05	-4.39090e-05	-1.32181e-08	4.995740e-09	
196	1.499855e-05	-4.36834e-05	1.319076e-08	-4.99494e-09	
197	1.509855e-05	-4.39086e-05	-1.31634e-08	4.957843e-09	
198	1.510000e-05	-4.36991e-05	1.141044e-08	-3.78469e-09	
199	1.510250e-05	-5.00553e-05	2.723242e-07	-2.69334e-09	
200	1.510750e-05	-6.35774e-05	2.774269e-07	-2.17472e-09	
201	1.511596e-05	-8.92881e-05	2.844886e-07	-1.60604e-09	
202	1.512747e-05	-1.28669e-04	3.135511e-07	6.757510e-09	
203	1.514046e-05	-9.65665e-05	4.437092e-07	-3.69534e-08	
204	1.514907e-05	-4.07506e-05	4.914624e-07	1.307997e-07	
205	1.515704e-05	-1.63049e-05	1.607088e-07	-9.35331e-08	
206	1.516775e-05	1.926910e-06	4.777640e-07	1.135568e-07	
207	1.518040e-05	-2.75538e-06	-7.85925e-08	-1.17578e-07	
208	1.519204e-05	2.328759e-06	5.329442e-07	1.221010e-07	
209	1.520000e-05	-2.52854e-06	-1.66185e-07	-1.28136e-07	
210	1.520125e-05	-1.69307e-07	5.697138e-08	8.278629e-09	
211	1.520376e-05	1.478500e-07	-4.95418e-08	-6.02944e-09	
212	1.520876e-05	-1.38858e-07	4.623806e-08	5.036444e-09	
213	1.521878e-05	1.339333e-07	-4.46414e-08	-4.57146e-09	
214	1.523880e-05	-1.32201e-07	4.389517e-08	4.346016e-09	
215	1.527886e-05	1.306836e-07	-4.35002e-08	-4.23844e-09	
216	1.535897e-05	-1.30582e-07	4.332399e-08	4.177937e-09	
217	1.545897e-05	1.297189e-07	-4.31607e-08	-4.13725e-09	
218	1.555897e-05	-1.29729e-07	4.302327e-08	4.090729e-09	
219	1.565897e-05	1.288713e-07	-4.28633e-08	-4.04999e-09	
220	1.575897e-05	-1.28881e-07	4.272457e-08	4.003874e-09	
221	1.585897e-05	1.280292e-07	-4.25677e-08	-3.96347e-09	
222	1.595897e-05	-1.28040e-07	4.242823e-08	3.917750e-09	
223	1.605897e-05	1.271927e-07	-4.22739e-08	-3.87769e-09	
224	1.615897e-05	-1.27204e-07	4.213413e-08	3.832353e-09	
225	1.625897e-05	1.263618e-07	-4.19820e-08	-3.79263e-09	
226	1.635897e-05	-1.26375e-07	4.184221e-08	3.747677e-09	
227	1.645897e-05	1.255365e-07	-4.16921e-08	-3.70829e-09	
228	1.655897e-05	-1.25551e-07	4.155243e-08	3.663716e-09	

Index   time            v1#branch       v2#branch       v3#branch       
--------------------------------------------------------------------------------
229	1.665897e-05	1.247168e-07	-4.14041e-08	-3.62466e-09	
230	1.675897e-05	-1.24733e-07	4.126473e-08	3.580463e-09	
231	1.685897e-05	1.239026e-07	-4.11181e-08	-3.54174e-09	
232	1.695897e-05	-1.23921e-07	4.097910e-08	3.497915e-09	
233	1.705897e-05	1.230940e-07	-4.08340e-08	-3.45952e-09	
234	1.715897e-05	-1.23115e-07	4.069550e-08	3.416064e-09	
235	1.725897e-05	1.222910e-07	-4.05519e-08	-3.37799e-09	
236	1.735897e-05	-1.22314e-07	4.041391e-08	3.334906e-09	
237	1.745897e-05	1.214934e-07	-4.02717e-08	-3.29716e-09	
238	1.755897e-05	-1.21519e-07	4.013431e-08	3.254435e-09	
239	1.765897e-05	1.207013e-07	-3.99934e-08	-3.21701e-09	
240	1.775897e-05	-1.20729e-07	3.985669e-08	3.174645e-09	
241	1.785897e-05	1.199146e-07	-3.97171e-08	-3.13753e-09	
242	1.795897e-05	-1.19944e-07	3.958102e-08	3.095531e-09	
243	1.805897e-05	1.191333e-07	-3.94427e-08	-3.05873e-09	
244	1.815897e-05	-1.19166e-07	3.930729e-08	3.017088e-09	
245	1.825897e-05	1.183573e-07	-3.91701e-08	-2.98060e-09	
246	1.835897e-05	-1.18392e-07	3.903547e-08	2.939310e-09	
247	1.845897e-05	1.175867e-07	-3.88995e-08	-2.90313e-09	
248	1.855897e-05	-1.17624e-07	3.876556e-08	2.862192e-09	
249	1.865897e-05	1.168213e-07	-3.86307e-08	-2.82632e-09	
250	1.875897e-05	-1.16861e-07	3.849754e-08	2.785728e-09	
251	1.885897e-05	1.160612e-07	-3.83638e-08	-2.75016e-09	
252	1.895897e-05	-1.16103e-07	3.823139e-08	2.709914e-09	
253	1.905897e-05	1.153063e-07	-3.80988e-08	-2.67465e-09	
254	1.915897e-05	-1.15351e-07	3.796710e-08	2.634744e-09	
255	1.925897e-05	1.145565e-07	-3.78355e-08	-2.59978e-09	
256	1.935897e-05	-1.14603e-07	3.770466e-08	2.560213e-09	
257	1.945897e-05	1.138119e-07	-3.75741e-08	-2.52555e-09	
258	1.955897e-05	-1.13861e-07	3.744404e-08	2.486316e-09	
259	1.965897e-05	1.130724e-07	-3.73146e-08	-2.45195e-09	
260	1.975897e-05	-1.13124e-07	3.718524e-08	2.413048e-09	
261	1.985897e-05	1.123379e-07	-3.70568e-08	-2.37897e-09	
262	1.995897e-05	-1.12392e-07	3.692824e-08	2.340403e-09	
263	2.000000e-05	1.110916e-07	-3.66203e-08	-2.25668e-09	
264	2.001000e-05	3.145169e-07	-2.02767e-07	-2.03390e-07	
265	2.003000e-05	-1.23628e-07	-2.37397e-07	-2.28484e-07	
266	2.005107e-05	-8.35359e-05	-4.69458e-07	-3.63434e-07	
267	2.007092e-05	-1.55251e-04	-1.57876e-07	-6.64630e-08	
268	2.008558e-05	-9.07965e-05	-4.50752e-07	8.442004e-08	
269	2.009922e-05	-5.16190e-05	-1.41471e-07	-5.46913e-07	
270	2.010000e-05	-4.55466e-05	-3.15153e-07	1.542091e-07	
271	2.010141e-05	-4.72236e-05	-1.17643e-08	-6.01389e-09	
272	2.010424e-05	-4.73820e-05	9.907287e-09	5.165968e-09	
273	2.010923e-05	-4.72381e-05	-8.96491e-09	-4.74272e-09	
274	2.011922e-05	-4.73748e-05	8.519653e-09	4.532623e-09	
275	2.013919e-05	-4.72415e-05	-8.30708e-09	-4.44409e-09	
276	2.017912e-05	-4.73731e-05	8.199452e-09	4.388357e-09	
277	2.025899e-05	-4.72424e-05	-8.14747e-09	-4.37053e-09	
278	2.035899e-05	-4.73727e-05	8.105114e-09	4.345672e-09	
279	2.045899e-05	-4.72428e-05	-8.06374e-09	-4.33229e-09	
280	2.055899e-05	-4.73722e-05	8.021832e-09	4.307698e-09	
281	2.065899e-05	-4.72432e-05	-7.98077e-09	-4.29445e-09	
282	2.075899e-05	-4.73718e-05	7.939191e-09	4.270006e-09	
283	2.085899e-05	-4.72437e-05	-7.89846e-09	-4.25690e-09	
284	2.095899e-05	-4.73714e-05	7.857201e-09	4.232605e-09	
285	2.105899e-05	-4.72441e-05	-7.81679e-09	-4.21964e-09	
286	2.115899e-05	-4.73709e-05	7.775857e-09	4.195490e-09	

Index   time            v1#branch       v2#branch       v3#branch       
--------------------------------------------------------------------------------
287	2.125899e-05	-4.72445e-05	-7.73576e-09	-4.18266e-09	
288	2.135899e-05	-4.73705e-05	7.695154e-09	4.158661e-09	
289	2.145899e-05	-4.72450e-05	-7.65537e-09	-4.14597e-09	
290	2.155899e-05	-4.73701e-05	7.615086e-09	4.122116e-09	
291	2.165899e-05	-4.72454e-05	-7.57562e-09	-4.10956e-09	
292	2.175899e-05	-4.73697e-05	7.535650e-09	4.085851e-09	
293	2.185899e-05	-4.72458e-05	-7.49649e-09	-4.07343e-09	
294	2.195899e-05	-4.73693e-05	7.456840e-09	4.049865e-09	
295	2.205899e-05	-4.72462e-05	-7.41799e-09	-4.03758e-09	
296	2.215899e-05	-4.73688e-05	7.378652e-09	4.014157e-09	
297	2.225899e-05	-4.72466e-05	-7.34011e-09	-4.00200e-09	
298	2.235899e-05	-4.73684e-05	7.301081e-09	3.978723e-09	
299	2.245899e-05	-4.72470e-05	-7.26284e-09	-3.96670e-09	
300	2.255899e-05	-4.73680e-05	7.224122e-09	3.943561e-09	
301	2.265899e-05	-4.72474e-05	-7.18619e-09	-3.93167e-09	
302	2.275899e-05	-4.73676e-05	7.147771e-09	3.908671e-09	
303	2.285899e-05	-4.72478e-05	-7.11014e-09	-3.89691e-09	
304	2.295899e-05	-4.73672e-05	7.072024e-09	3.874049e-09	
305	2.305899e-05	-4.72482e-05	-7.03469e-09	-3.86242e-09	
306	2.315899e-05	-4.73668e-05	6.996875e-09	3.839694e-09	
307	2.325899e-05	-4.72486e-05	-6.95983e-09	-3.82819e-09	
308	2.335899e-05	-4.73664e-05	6.922320e-09	3.805604e-09	
309	2.345899e-05	-4.72490e-05	-6.88557e-09	-3.79423e-09	
310	2.355899e-05	-4.73660e-05	6.848355e-09	3.771776e-09	
311	2.365899e-05	-4.72494e-05	-6.81190e-09	-3.76053e-09	
312	2.375899e-05	-4.73657e-05	6.774976e-09	3.738209e-09	
313	2.385899e-05	-4.72498e-05	-6.73880e-09	-3.72708e-09	
314	2.395899e-05	-4.73653e-05	6.702177e-09	3.704901e-09	
315	2.405899e-05	-4.72502e-05	-6.66629e-09	-3.69390e-09	
316	2.415899e-05	-4.73649e-05	6.629954e-09	3.671849e-09	
317	2.425899e-05	-4.72505e-05	-6.59435e-09	-3.66097e-09	
318	2.435899e-05	-4.73645e-05	6.558304e-09	3.639053e-09	
319	2.445899e-05	-4.72509e-05	-6.52299e-09	-3.62830e-09	
320	2.455899e-05	-4.73641e-05	6.487222e-09	3.606510e-09	
321	2.465899e-05	-4.72513e-05	-6.45218e-09	-3.59588e-09	
322	2.475899e-05	-4.73638e-05	6.416704e-09	3.574218e-09	
323	2.485899e-05	-4.72517e-05	-6.38194e-09	-3.56371e-09	
324	2.495899e-05	-4.73634e-05	6.346744e-09	3.542175e-09	
325	2.505899e-05	-4.72520e-05	-6.31226e-09	-3.53178e-09	
326	2.510000e-05	-4.73628e-05	6.227531e-09	3.487332e-09	
327	2.510835e-05	-5.99122e-05	2.897008e-07	1.057394e-09	
328	2.512504e-05	-9.12372e-05	3.109758e-07	5.258313e-09	
329	2.514070e-05	-9.70059e-05	-3.53049e-07	-1.17291e-06	
330	2.515172e-05	-5.85381e-05	9.077845e-07	1.147025e-06	
331	2.516206e-05	-5.23605e-05	-4.12909e-07	-1.12053e-06	
332	2.517498e-05	-4.24451e-05	8.462735e-07	1.099457e-06	
333	2.520000e-05	-5.04027e-05	-5.11750e-07	-1.08961e-06	
334	2.520258e-05	-4.65066e-05	-5.30212e-09	-2.51349e-08	
335	2.520775e-05	-4.63456e-05	5.217242e-09	2.412091e-08	
336	2.521808e-05	-4.65017e-05	-5.17686e-09	-2.36297e-08	
337	2.523577e-05	-4.63481e-05	5.146263e-09	2.334731e-08	
338	2.527115e-05	-4.65004e-05	-5.13597e-09	-2.32068e-08	
339	2.534191e-05	-4.63487e-05	5.129512e-09	2.313712e-08	
340	2.544191e-05	-4.65000e-05	-5.12451e-09	-2.30877e-08	
341	2.554191e-05	-4.63491e-05	5.120893e-09	2.303856e-08	
342	2.564191e-05	-4.64997e-05	-5.11568e-09	-2.29894e-08	
343	2.574191e-05	-4.63494e-05	5.112061e-09	2.294045e-08	
344	2.584191e-05	-4.64994e-05	-5.10687e-09	-2.28915e-08	

Index   time            v1#branch       v2#branch       v3#branch       
--------------------------------------------------------------------------------
345	2.594191e-05	-4.63497e-05	5.103234e-09	2.284273e-08	
346	2.604191e-05	-4.64991e-05	-5.09807e-09	-2.27940e-08	
347	2.614191e-05	-4.63500e-05	5.094412e-09	2.274542e-08	
348	2.624191e-05	-4.64988e-05	-5.08928e-09	-2.26969e-08	
349	2.634191e-05	-4.63503e-05	5.085596e-09	2.264849e-08	
350	2.644191e-05	-4.64984e-05	-5.08048e-09	-2.26002e-08	
351	2.654191e-05	-4.63506e-05	5.076785e-09	2.255196e-08	
352	2.664191e-05	-4.64981e-05	-5.07170e-09	-2.25038e-08	
353	2.674191e-05	-4.63509e-05	5.067979e-09	2.245582e-08	
354	2.684191e-05	-4.64978e-05	-5.06291e-09	-2.24079e-08	
355	2.694191e-05	-4.63512e-05	5.059179e-09	2.236007e-08	
356	2.704191e-05	-4.64975e-05	-5.05414e-09	-2.23123e-08	
357	2.714191e-05	-4.63515e-05	5.050384e-09	2.226471e-08	
358	2.724191e-05	-4.64972e-05	-5.04536e-09	-2.22172e-08	
359	2.734191e-05	-4.63519e-05	5.041595e-09	2.216974e-08	
360	2.744191e-05	-4.64969e-05	-5.03659e-09	-2.21224e-08	
361	2.754191e-05	-4.63522e-05	5.032812e-09	2.207515e-08	
362	2.764191e-05	-4.64966e-05	-5.02783e-09	-2.20280e-08	
363	2.774191e-05	-4.63525e-05	5.024034e-09	2.198094e-08	
364	2.784191e-05	-4.64963e-05	-5.01907e-09	-2.19340e-08	
365	2.794191e-05	-4.63528e-05	5.015262e-09	2.188712e-08	
366	2.804191e-05	-4.64960e-05	-5.01032e-09	-2.18403e-08	
367	2.814191e-05	-4.63531e-05	5.006495e-09	2.179368e-08	
368	2.824191e-05	-4.64957e-05	-5.00157e-09	-2.17471e-08	
369	2.834191e-05	-4.63534e-05	4.997735e-09	2.170062e-08	
370	2.844191e-05	-4.64954e-05	-4.99283e-09	-2.16542e-08	
371	2.854191e-05	-4.63537e-05	4.988981e-09	2.160793e-08	
372	2.864191e-05	-4.64951e-05	-4.98410e-09	-2.15617e-08	
373	2.874191e-05	-4.63540e-05	4.980232e-09	2.151562e-08	
374	2.884191e-05	-4.64948e-05	-4.97537e-09	-2.14696e-08	
375	2.894191e-05	-4.63543e-05	4.971490e-09	2.142369e-08	
376	2.904191e-05	-4.64945e-05	-4.96664e-09	-2.13778e-08	
377	2.914191e-05	-4.63545e-05	4.962754e-09	2.133213e-08	
378	2.924191e-05	-4.64942e-05	-4.95792e-09	-2.12865e-08	
379	2.934191e-05	-4.63548e-05	4.954024e-09	2.124094e-08	
380	2.944191e-05	-4.64939e-05	-4.94921e-09	-2.11955e-08	
381	2.954191e-05	-4.63551e-05	4.945301e-09	2.115013e-08	
382	2.964191e-05	-4.64936e-05	-4.94050e-09	-2.11048e-08	
383	2.974191e-05	-4.63554e-05	4.936584e-09	2.105968e-08	
384	2.984191e-05	-4.64933e-05	-4.93180e-09	-2.10146e-08	
385	2.994191e-05	-4.63557e-05	4.927874e-09	2.096960e-08	
386	3.000000e-05	-4.64929e-05	-4.92029e-09	-2.08923e-08	
387	3.001000e-05	-4.62725e-05	-1.59365e-07	3.690738e-10	
388	3.003000e-05	-4.62951e-05	-2.00820e-07	2.470598e-10	
389	3.005453e-05	-7.78299e-05	-2.89471e-07	-2.04887e-10	
390	3.008028e-05	-8.44566e-05	7.585072e-08	4.440465e-07	
391	3.009703e-05	-4.79240e-05	-6.50562e-07	5.164519e-08	
392	3.010000e-05	-5.02767e-05	-7.25841e-10	-9.08654e-08	
393	3.010161e-05	-4.98026e-05	2.885262e-08	2.383796e-07	
394	3.010484e-05	-5.42272e-05	-2.51844e-08	2.140308e-07	
395	3.011129e-05	-6.50097e-05	2.360778e-08	2.418537e-07	
396	3.012420e-05	-8.93603e-05	-2.27513e-08	2.338944e-07	
397	3.013601e-05	-1.11284e-04	-1.04596e-07	-8.15133e-07	
398	3.014444e-05	-7.33249e-05	8.732491e-08	1.458298e-06	
399	3.015226e-05	-6.37163e-05	-6.71199e-08	-7.79521e-07	
400	3.016206e-05	-4.08848e-05	5.338025e-08	1.301279e-06	
401	3.017714e-05	-4.85999e-05	-4.33794e-08	-7.12375e-07	
402	3.019551e-05	-3.92167e-05	3.683002e-08	9.681407e-07	

Index   time            v1#branch       v2#branch       v3#branch       
--------------------------------------------------------------------------------
403	3.020000e-05	-4.84152e-05	-9.05832e-09	-3.61178e-07	
404	3.020183e-05	-4.39326e-05	-1.59283e-08	7.981044e-09	
405	3.020550e-05	-4.36676e-05	1.506572e-08	-7.13966e-09	
406	3.021284e-05	-4.39208e-05	-1.46530e-08	6.849466e-09	
407	3.022598e-05	-4.36735e-05	1.442712e-08	-6.58411e-09	
408	3.025225e-05	-4.39177e-05	-1.43154e-08	6.548549e-09	
409	3.030478e-05	-4.36750e-05	1.426033e-08	-6.43503e-09	
410	3.040478e-05	-4.39169e-05	-1.42312e-08	6.472815e-09	
411	3.050478e-05	-4.36756e-05	1.420243e-08	-6.38849e-09	
412	3.060478e-05	-4.39164e-05	-1.41736e-08	6.417975e-09	
413	3.070478e-05	-4.36761e-05	1.414480e-08	-6.34180e-09	
414	3.080478e-05	-4.39158e-05	-1.41160e-08	6.364436e-09	
415	3.090478e-05	-4.36766e-05	1.408741e-08	-6.29455e-09	
416	3.100478e-05	-4.39153e-05	-1.40588e-08	6.311874e-09	
417	3.110478e-05	-4.36772e-05	1.403027e-08	-6.24699e-09	
418	3.120478e-05	-4.39148e-05	-1.40018e-08	6.260084e-09	
419	3.130478e-05	-4.36777e-05	1.397337e-08	-6.19928e-09	
420	3.140478e-05	-4.39143e-05	-1.39450e-08	6.208931e-09	
421	3.150478e-05	-4.36782e-05	1.391671e-08	-6.15152e-09	
422	3.160478e-05	-4.39137e-05	-1.38884e-08	6.158324e-09	
423	3.170478e-05	-4.36787e-05	1.386030e-08	-6.10379e-09	
424	3.180478e-05	-4.39132e-05	-1.38322e-08	6.108197e-09	
425	3.190478e-05	-4.36793e-05	1.380413e-08	-6.05613e-09	
426	3.200478e-05	-4.39127e-05	-1.37761e-08	6.058504e-09	
427	3.210478e-05	-4.36798e-05	1.374820e-08	-6.00858e-09	
428	3.220478e-05	-4.39122e-05	-1.37203e-08	6.009209e-09	
429	3.230478e-05	-4.36803e-05	1.369251e-08	-5.96117e-09	
430	3.240478e-05	-4.39117e-05	-1.36647e-08	5.960285e-09	
431	3.250478e-05	-4.36808e-05	1.363706e-08	-5.91392e-09	
432	3.260478e-05	-4.39112e-05	-1.36094e-08	5.911709e-09	
433	3.270478e-05	-4.36813e-05	1.358184e-08	-5.86683e-09	
434	3.280478e-05	-4.39107e-05	-1.35543e-08	5.863466e-09	
435	3.290478e-05	-4.36818e-05	1.352686e-08	-5.81993e-09	
436	3.300478e-05	-4.39101e-05	-1.34994e-08	5.815541e-09	
437	3.310478e-05	-4.36823e-05	1.347212e-08	-5.77323e-09	
438	3.320478e-05	-4.39096e-05	-1.34448e-08	5.767923e-09	
439	3.330478e-05	-4.36828e-05	1.341761e-08	-5.72672e-09	
440	3.340478e-05	-4.39091e-05	-1.33904e-08	5.720602e-09	
441	3.350478e-05	-4.36833e-05	1.336333e-08	-5.68041e-09	
442	3.360478e-05	-4.39086e-05	-1.33363e-08	5.673571e-09	
443	3.370478e-05	-4.36838e-05	1.330929e-08	-5.63432e-09	
444	3.380478e-05	-4.39081e-05	-1.32823e-08	5.626821e-09	
445	3.390478e-05	-4.36843e-05	1.325548e-08	-5.58843e-09	
446	3.400478e-05	-4.39076e-05	-1.32286e-08	5.580349e-09	
447	3.410478e-05	-4.36848e-05	1.320189e-08	-5.54276e-09	
448	3.420478e-05	-4.39071e-05	-1.31752e-08	5.534147e-09	
449	3.430478e-05	-4.36853e-05	1.314854e-08	-5.49731e-09	
450	3.440478e-05	-4.39067e-05	-1.31219e-08	5.488211e-09	
451	3.450478e-05	-4.36858e-05	1.309542e-08	-5.45208e-09	
452	3.460478e-05	-4.39062e-05	-1.30689e-08	5.442538e-09	
453	3.470478e-05	-4.36863e-05	1.304252e-08	-5.40706e-09	
454	3.480478e-05	-4.39057e-05	-1.30161e-08	5.397124e-09	
455	3.490478e-05	-4.36868e-05	1.298984e-08	-5.36226e-09	
456	3.500478e-05	-4.39052e-05	-1.29636e-08	5.351964e-09	
457	3.510000e-05	-4.36873e-05	1.293609e-08	-5.31660e-09	
458	3.511000e-05	-7.08379e-05	2.749838e-07	-2.73131e-09	
459	3.513000e-05	-1.36396e-04	3.205802e-07	4.794998e-09	
460	3.514957e-05	-4.38665e-05	5.034068e-07	7.240611e-08	

Index   time            v1#branch       v2#branch       v3#branch       
--------------------------------------------------------------------------------
461	3.516267e-05	-1.00556e-06	1.914555e-07	-3.04045e-08	
462	3.517523e-05	-2.51574e-06	2.705889e-07	2.697323e-08	
463	3.519107e-05	2.055894e-06	2.062995e-07	-2.21787e-08	
464	3.520000e-05	-2.26851e-06	1.609120e-07	1.434412e-08	
465	3.520209e-05	-9.54947e-08	3.270364e-08	7.710701e-09	
466	3.520626e-05	8.759380e-08	-3.02979e-08	-6.73669e-09	
467	3.521460e-05	-8.37175e-08	2.854541e-08	6.283645e-09	
468	3.523129e-05	8.189024e-08	-2.82211e-08	-6.07282e-09	
469	3.526468e-05	-8.11154e-08	2.767360e-08	5.955039e-09	
470	3.533144e-05	8.043141e-08	-2.76557e-08	-5.90726e-09	
471	3.543144e-05	-8.04492e-08	2.746712e-08	5.869159e-09	
472	3.553144e-05	7.980607e-08	-2.74185e-08	-5.83642e-09	
473	3.563144e-05	-7.98763e-08	2.726965e-08	5.799283e-09	
474	3.573144e-05	7.920985e-08	-2.72019e-08	-5.76680e-09	
475	3.583144e-05	-7.92999e-08	2.706759e-08	5.729973e-09	
476	3.593144e-05	7.862345e-08	-2.69910e-08	-5.69776e-09	
477	3.603144e-05	-7.87245e-08	2.686451e-08	5.661238e-09	
478	3.613144e-05	7.804350e-08	-2.67834e-08	-5.62929e-09	
479	3.623144e-05	-7.81521e-08	2.666186e-08	5.593074e-09	
480	3.633144e-05	7.746888e-08	-2.65781e-08	-5.56139e-09	
481	3.643144e-05	-7.75832e-08	2.646016e-08	5.525476e-09	
482	3.653144e-05	7.689911e-08	-2.63748e-08	-5.49405e-09	
483	3.663144e-05	-7.70181e-08	2.625963e-08	5.458438e-09	
484	3.673144e-05	7.633394e-08	-2.61733e-08	-5.42728e-09	
485	3.683144e-05	-7.64570e-08	2.606039e-08	5.391956e-09	
486	3.693144e-05	7.577321e-08	-2.59735e-08	-5.36105e-09	
487	3.703144e-05	-7.58999e-08	2.586251e-08	5.326025e-09	
488	3.713144e-05	7.521681e-08	-2.57753e-08	-5.29538e-09	
489	3.723144e-05	-7.53468e-08	2.566602e-08	5.260642e-09	
490	3.733144e-05	7.466469e-08	-2.55787e-08	-5.23025e-09	
491	3.743144e-05	-7.47977e-08	2.547093e-08	5.195801e-09	
492	3.753144e-05	7.411676e-08	-2.53836e-08	-5.16566e-09	
493	3.763144e-05	-7.42527e-08	2.527725e-08	5.131498e-09	
494	3.773144e-05	7.357298e-08	-2.51901e-08	-5.10161e-09	
495	3.783144e-05	-7.37117e-08	2.508498e-08	5.067730e-09	
496	3.793144e-05	7.303330e-08	-2.49980e-08	-5.03809e-09	
497	3.803144e-05	-7.31746e-08	2.489412e-08	5.004490e-09	
498	3.813144e-05	7.249768e-08	-2.48075e-08	-4.97509e-09	
499	3.823144e-05	-7.26415e-08	2.470467e-08	4.941776e-09	
500	3.833144e-05	7.196608e-08	-2.46183e-08	-4.91262e-09	
501	3.843144e-05	-7.21124e-08	2.451662e-08	4.879583e-09	
502	3.853144e-05	7.143847e-08	-2.44307e-08	-4.85067e-09	
503	3.863144e-05	-7.15871e-08	2.432997e-08	4.817907e-09	
504	3.873144e-05	7.091480e-08	-2.42444e-08	-4.78924e-09	
505	3.883144e-05	-7.10658e-08	2.414469e-08	4.756743e-09	
506	3.893144e-05	7.039505e-08	-2.40595e-08	-4.72831e-09	
507	3.903144e-05	-7.05483e-08	2.396080e-08	4.696088e-09	
508	3.913144e-05	6.987917e-08	-2.38761e-08	-4.66789e-09	
509	3.923144e-05	-7.00347e-08	2.377827e-08	4.635937e-09	
510	3.933144e-05	6.936714e-08	-2.36940e-08	-4.60798e-09	
511	3.943144e-05	-6.95248e-08	2.359710e-08	4.576286e-09	
512	3.953144e-05	6.885893e-08	-2.35133e-08	-4.54856e-09	
513	3.963144e-05	-6.90188e-08	2.341728e-08	4.517132e-09	
514	3.973144e-05	6.835450e-08	-2.33340e-08	-4.48964e-09	
515	3.983144e-05	-6.85165e-08	2.323880e-08	4.458470e-09	
516	3.993144e-05	6.785383e-08	-2.31560e-08	-4.43120e-09	
517	4.000000e-05	-6.79032e-08	2.302077e-08	4.386597e-09	
