             * /home/drako/esim-workspace/halfadder1/halfadder1.cir
             Transient Analysis  Tue Jun 29 19:05:36  2021
--------------------------------------------------------------------------------
Index   time            v.x1.v1#branch  v.x2.v1#branch  v1#branch       
--------------------------------------------------------------------------------
0	0.000000e+00	9.714451e-17	-2.10551e-10	0.000000e+00	
1	1.000000e-09	1.470321e-07	3.050933e-07	-2.74313e-07	
2	2.000000e-09	1.477294e-07	3.131202e-07	-2.77045e-07	
3	4.000000e-09	1.476560e-07	3.147003e-07	-2.76515e-07	
4	8.000000e-09	1.475461e-07	3.147663e-07	-2.75977e-07	
5	1.600000e-08	1.472704e-07	3.202073e-07	-2.78803e-07	
6	3.200000e-08	1.466880e-07	-6.63069e-07	-3.29577e-07	
7	5.085289e-08	1.457792e-07	-8.15346e-05	-5.41342e-07	
8	6.848989e-08	1.446809e-07	-2.03279e-04	-4.16100e-07	
9	8.339639e-08	1.433489e-07	-1.08486e-04	-1.51644e-07	
10	9.392399e-08	1.419572e-07	-5.83084e-05	-5.26463e-07	
11	1.000000e-07	1.407030e-07	-5.32546e-05	-2.84198e-07	
12	1.010724e-07	1.691571e-09	-4.78664e-05	1.143956e-07	
13	1.032171e-07	-1.59984e-09	-4.68421e-05	-9.48792e-08	
14	1.075065e-07	1.556679e-09	-4.77323e-05	8.633451e-08	
15	1.138771e-07	-1.52795e-09	-4.69086e-05	-8.09720e-08	
16	1.266181e-07	1.514671e-09	-4.76942e-05	7.835593e-08	
17	1.521002e-07	-1.50748e-09	-4.69269e-05	-7.71412e-08	
18	2.030644e-07	1.504202e-09	-4.76853e-05	7.650465e-08	
19	3.030644e-07	-1.50238e-09	-4.69314e-05	-7.61995e-08	
20	4.030644e-07	1.500692e-09	-4.76823e-05	7.587979e-08	
21	5.030644e-07	-1.49890e-09	-4.69344e-05	-7.55726e-08	
22	6.030644e-07	1.497216e-09	-4.76794e-05	7.525870e-08	
23	7.030644e-07	-1.49543e-09	-4.69373e-05	-7.49538e-08	
24	8.030644e-07	1.493751e-09	-4.76764e-05	7.464224e-08	
25	9.030644e-07	-1.49197e-09	-4.69403e-05	-7.43396e-08	
26	1.003064e-06	1.490296e-09	-4.76735e-05	7.403036e-08	
27	1.103064e-06	-1.48852e-09	-4.69432e-05	-7.37300e-08	
28	1.203064e-06	1.486851e-09	-4.76706e-05	7.342304e-08	
29	1.303064e-06	-1.48508e-09	-4.69461e-05	-7.31249e-08	
30	1.403064e-06	1.483415e-09	-4.76677e-05	7.282024e-08	
31	1.503064e-06	-1.48165e-09	-4.69489e-05	-7.25243e-08	
32	1.603064e-06	1.479989e-09	-4.76649e-05	7.222192e-08	
33	1.703064e-06	-1.47823e-09	-4.69518e-05	-7.19282e-08	
34	1.803064e-06	1.476574e-09	-4.76620e-05	7.162805e-08	
35	1.903064e-06	-1.47482e-09	-4.69546e-05	-7.13365e-08	
36	2.003064e-06	1.473168e-09	-4.76592e-05	7.103860e-08	
37	2.103064e-06	-1.47142e-09	-4.69574e-05	-7.07492e-08	
38	2.203064e-06	1.469772e-09	-4.76564e-05	7.045354e-08	
39	2.303064e-06	-1.46803e-09	-4.69602e-05	-7.01663e-08	
40	2.403064e-06	1.466385e-09	-4.76536e-05	6.987282e-08	
41	2.503064e-06	-1.46465e-09	-4.69630e-05	-6.95877e-08	
42	2.603064e-06	1.463009e-09	-4.76509e-05	6.929643e-08	
43	2.703064e-06	-1.46127e-09	-4.69657e-05	-6.90134e-08	
44	2.803064e-06	1.459642e-09	-4.76482e-05	6.872433e-08	
45	2.903064e-06	-1.45791e-09	-4.69684e-05	-6.84434e-08	
46	3.003064e-06	1.456285e-09	-4.76454e-05	6.815649e-08	
47	3.103064e-06	-1.45456e-09	-4.69711e-05	-6.78776e-08	
48	3.203064e-06	1.452937e-09	-4.76428e-05	6.759287e-08	
49	3.303064e-06	-1.45122e-09	-4.69738e-05	-6.73161e-08	
50	3.403064e-06	1.449599e-09	-4.76401e-05	6.703344e-08	
51	3.503064e-06	-1.44788e-09	-4.69765e-05	-6.67587e-08	
52	3.603064e-06	1.446271e-09	-4.76374e-05	6.647818e-08	
53	3.703064e-06	-1.44456e-09	-4.69791e-05	-6.62055e-08	
54	3.803064e-06	1.442951e-09	-4.76348e-05	6.592704e-08	

Index   time            v.x1.v1#branch  v.x2.v1#branch  v1#branch       
--------------------------------------------------------------------------------
55	3.903064e-06	-1.44125e-09	-4.69817e-05	-6.56564e-08	
56	4.003064e-06	1.439642e-09	-4.76322e-05	6.538001e-08	
57	4.103064e-06	-1.43794e-09	-4.69843e-05	-6.51114e-08	
58	4.203064e-06	1.436343e-09	-4.76296e-05	6.483705e-08	
59	4.303064e-06	-1.43465e-09	-4.69869e-05	-6.45704e-08	
60	4.403064e-06	1.433052e-09	-4.76270e-05	6.429813e-08	
61	4.503064e-06	-1.43136e-09	-4.69895e-05	-6.40334e-08	
62	4.603064e-06	1.429771e-09	-4.76245e-05	6.376322e-08	
63	4.703064e-06	-1.42809e-09	-4.69920e-05	-6.35005e-08	
64	4.803064e-06	1.426500e-09	-4.76219e-05	6.323229e-08	
65	4.903064e-06	-1.42482e-09	-4.69946e-05	-6.29715e-08	
66	5.003064e-06	1.423238e-09	-4.76194e-05	6.270531e-08	
67	5.100000e-06	-1.42151e-09	-4.69971e-05	-6.24383e-08	
68	5.110000e-06	-7.07794e-08	-6.26608e-05	3.602831e-07	
69	5.130000e-06	-7.28616e-08	-1.03841e-04	3.923361e-07	
70	5.148659e-06	-7.23216e-08	-7.28773e-05	-2.10359e-07	
71	5.160921e-06	-7.37416e-08	-4.60251e-05	8.627408e-07	
72	5.173058e-06	-7.28872e-08	-4.94399e-05	-2.80194e-07	
73	5.188117e-06	-7.42668e-08	-4.34159e-05	7.882999e-07	
74	5.200000e-06	-7.33402e-08	-4.94600e-05	-3.17977e-07	
75	5.203012e-06	-1.65426e-10	-4.64756e-05	-3.56718e-09	
76	5.209036e-06	1.629651e-10	-4.63751e-05	3.511647e-09	
77	5.221083e-06	-1.61719e-10	-4.64730e-05	-3.48632e-09	
78	5.244422e-06	1.611331e-10	-4.63763e-05	3.469011e-09	
79	5.291101e-06	-1.60801e-10	-4.64724e-05	-3.46357e-09	
80	5.384458e-06	1.606546e-10	-4.63767e-05	3.459357e-09	
81	5.484458e-06	-1.60503e-10	-4.64721e-05	-3.45650e-09	
82	5.584458e-06	1.603635e-10	-4.63769e-05	3.452850e-09	
83	5.684458e-06	-1.60212e-10	-4.64720e-05	-3.44995e-09	
84	5.784458e-06	1.600732e-10	-4.63771e-05	3.446311e-09	
85	5.884458e-06	-1.59922e-10	-4.64718e-05	-3.44341e-09	
86	5.984458e-06	1.597833e-10	-4.63773e-05	3.439777e-09	
87	6.084458e-06	-1.59632e-10	-4.64716e-05	-3.43688e-09	
88	6.184458e-06	1.594939e-10	-4.63775e-05	3.433248e-09	
89	6.284458e-06	-1.59343e-10	-4.64714e-05	-3.43035e-09	
90	6.384458e-06	1.592046e-10	-4.63776e-05	3.426723e-09	
91	6.484458e-06	-1.59054e-10	-4.64712e-05	-3.42383e-09	
92	6.584458e-06	1.589161e-10	-4.63778e-05	3.420204e-09	
93	6.684458e-06	-1.58766e-10	-4.64710e-05	-3.41731e-09	
94	6.784458e-06	1.586277e-10	-4.63780e-05	3.413691e-09	
95	6.884458e-06	-1.58478e-10	-4.64708e-05	-3.41080e-09	
96	6.984458e-06	1.583400e-10	-4.63782e-05	3.407182e-09	
97	7.084458e-06	-1.58190e-10	-4.64706e-05	-3.40429e-09	
98	7.184458e-06	1.580526e-10	-4.63784e-05	3.400678e-09	
99	7.284458e-06	-1.57903e-10	-4.64704e-05	-3.39779e-09	
100	7.384458e-06	1.577658e-10	-4.63786e-05	3.394180e-09	
101	7.484458e-06	-1.57616e-10	-4.64702e-05	-3.39129e-09	
102	7.584458e-06	1.574793e-10	-4.63788e-05	3.387688e-09	
103	7.684458e-06	-1.57330e-10	-4.64700e-05	-3.38480e-09	
104	7.784458e-06	1.571933e-10	-4.63790e-05	3.381200e-09	
105	7.884458e-06	-1.57044e-10	-4.64698e-05	-3.37831e-09	
106	7.984458e-06	1.569077e-10	-4.63792e-05	3.374719e-09	
107	8.084458e-06	-1.56759e-10	-4.64696e-05	-3.37183e-09	
108	8.184458e-06	1.566226e-10	-4.63794e-05	3.368242e-09	
109	8.284458e-06	-1.56474e-10	-4.64694e-05	-3.36536e-09	
110	8.384458e-06	1.563380e-10	-4.63796e-05	3.361772e-09	
111	8.484458e-06	-1.56190e-10	-4.64693e-05	-3.35889e-09	
112	8.584458e-06	1.560534e-10	-4.63797e-05	3.355307e-09	

Index   time            v.x1.v1#branch  v.x2.v1#branch  v1#branch       
--------------------------------------------------------------------------------
113	8.684458e-06	-1.55905e-10	-4.64691e-05	-3.35242e-09	
114	8.784458e-06	1.557699e-10	-4.63799e-05	3.348847e-09	
115	8.884458e-06	-1.55622e-10	-4.64689e-05	-3.34596e-09	
116	8.984458e-06	1.554862e-10	-4.63801e-05	3.342393e-09	
117	9.084458e-06	-1.55339e-10	-4.64687e-05	-3.33951e-09	
118	9.184458e-06	1.552033e-10	-4.63803e-05	3.335946e-09	
119	9.284458e-06	-1.55056e-10	-4.64685e-05	-3.33307e-09	
120	9.384458e-06	1.549208e-10	-4.63805e-05	3.329503e-09	
121	9.484458e-06	-1.54773e-10	-4.64683e-05	-3.32663e-09	
122	9.584458e-06	1.546386e-10	-4.63807e-05	3.323067e-09	
123	9.684458e-06	-1.54492e-10	-4.64681e-05	-3.32019e-09	
124	9.784458e-06	1.543571e-10	-4.63809e-05	3.316637e-09	
125	9.884458e-06	-1.54210e-10	-4.64680e-05	-3.31376e-09	
126	9.984458e-06	1.540755e-10	-4.63810e-05	3.310213e-09	
127	1.000000e-05	-1.53151e-10	-4.64673e-05	-3.29128e-09	
128	1.000551e-05	7.375328e-08	-4.63032e-05	-2.32211e-07	
129	1.001654e-05	7.368550e-08	-4.62314e-05	-2.40089e-07	
130	1.003860e-05	7.315014e-08	-4.85745e-05	-3.12994e-07	
131	1.006576e-05	7.251237e-08	-1.14492e-04	-3.72225e-07	
132	1.009440e-05	7.104159e-08	-5.87969e-05	-2.82498e-08	
133	1.010000e-05	7.026331e-08	-4.43806e-05	-6.50631e-07	
134	1.010265e-05	-6.98435e-08	-5.10276e-05	-1.96176e-08	
135	1.010796e-05	-7.19503e-08	-5.93728e-05	1.839327e-08	
136	1.011847e-05	-7.09932e-08	-7.79473e-05	-1.77291e-08	
137	1.012937e-05	-7.30403e-08	-1.00196e-04	1.758437e-08	
138	1.014222e-05	-7.19214e-08	-9.00781e-05	-1.34755e-07	
139	1.015054e-05	-7.36907e-08	-5.77000e-05	1.199398e-07	
140	1.015838e-05	-7.23684e-08	-5.34952e-05	-1.02613e-07	
141	1.016873e-05	-7.41054e-08	-3.94376e-05	9.153021e-08	
142	1.018652e-05	-7.29432e-08	-4.83498e-05	-8.41245e-08	
143	1.020000e-05	-7.46329e-08	-3.95497e-05	7.596243e-08	
144	1.020172e-05	-2.97701e-10	-4.36554e-05	1.648099e-08	
145	1.020517e-05	2.899961e-10	-4.39283e-05	-1.55210e-08	
146	1.021206e-05	-2.86206e-10	-4.36680e-05	1.506269e-08	
147	1.022448e-05	2.841690e-10	-4.39220e-05	-1.48150e-08	
148	1.024934e-05	-2.83064e-10	-4.36713e-05	1.469289e-08	
149	1.029904e-05	2.825808e-10	-4.39204e-05	-1.46318e-08	
150	1.039845e-05	-2.82305e-10	-4.36721e-05	1.460154e-08	
151	1.049845e-05	2.820600e-10	-4.39198e-05	-1.45713e-08	
152	1.059845e-05	-2.81793e-10	-4.36726e-05	1.454132e-08	
153	1.069845e-05	2.815473e-10	-4.39193e-05	-1.45113e-08	
154	1.079845e-05	-2.81280e-10	-4.36732e-05	1.448143e-08	
155	1.089845e-05	2.810356e-10	-4.39188e-05	-1.44515e-08	
156	1.099845e-05	-2.80769e-10	-4.36737e-05	1.442179e-08	
157	1.109845e-05	2.805245e-10	-4.39182e-05	-1.43920e-08	
158	1.119845e-05	-2.80258e-10	-4.36742e-05	1.436241e-08	
159	1.129845e-05	2.800139e-10	-4.39177e-05	-1.43328e-08	
160	1.139845e-05	-2.79748e-10	-4.36748e-05	1.430327e-08	
161	1.149845e-05	2.795043e-10	-4.39172e-05	-1.42738e-08	
162	1.159845e-05	-2.79239e-10	-4.36753e-05	1.424438e-08	
163	1.169845e-05	2.789955e-10	-4.39167e-05	-1.42150e-08	
164	1.179845e-05	-2.78731e-10	-4.36758e-05	1.418573e-08	
165	1.189845e-05	2.784875e-10	-4.39162e-05	-1.41565e-08	
166	1.199845e-05	-2.78223e-10	-4.36763e-05	1.412733e-08	
167	1.209845e-05	2.779804e-10	-4.39156e-05	-1.40982e-08	
168	1.219845e-05	-2.77716e-10	-4.36768e-05	1.406918e-08	
169	1.229845e-05	2.774737e-10	-4.39151e-05	-1.40402e-08	
170	1.239845e-05	-2.77210e-10	-4.36773e-05	1.401127e-08	

Index   time            v.x1.v1#branch  v.x2.v1#branch  v1#branch       
--------------------------------------------------------------------------------
171	1.249845e-05	2.769683e-10	-4.39146e-05	-1.39824e-08	
172	1.259845e-05	-2.76705e-10	-4.36779e-05	1.395360e-08	
173	1.269845e-05	2.764632e-10	-4.39141e-05	-1.39248e-08	
174	1.279845e-05	-2.76200e-10	-4.36784e-05	1.389617e-08	
175	1.289845e-05	2.759590e-10	-4.39136e-05	-1.38675e-08	
176	1.299845e-05	-2.75696e-10	-4.36789e-05	1.383898e-08	
177	1.309845e-05	2.754557e-10	-4.39131e-05	-1.38104e-08	
178	1.319845e-05	-2.75193e-10	-4.36794e-05	1.378203e-08	
179	1.329845e-05	2.749530e-10	-4.39126e-05	-1.37536e-08	
180	1.339845e-05	-2.74691e-10	-4.36799e-05	1.372532e-08	
181	1.349845e-05	2.744510e-10	-4.39121e-05	-1.36970e-08	
182	1.359845e-05	-2.74189e-10	-4.36804e-05	1.366884e-08	
183	1.369845e-05	2.739500e-10	-4.39116e-05	-1.36407e-08	
184	1.379845e-05	-2.73689e-10	-4.36809e-05	1.361260e-08	
185	1.389845e-05	2.734497e-10	-4.39111e-05	-1.35845e-08	
186	1.399845e-05	-2.73189e-10	-4.36814e-05	1.355660e-08	
187	1.409845e-05	2.729500e-10	-4.39106e-05	-1.35287e-08	
188	1.419845e-05	-2.72690e-10	-4.36819e-05	1.350083e-08	
189	1.429845e-05	2.724512e-10	-4.39101e-05	-1.34730e-08	
190	1.439845e-05	-2.72191e-10	-4.36823e-05	1.344529e-08	
191	1.449845e-05	2.719530e-10	-4.39096e-05	-1.34176e-08	
192	1.459845e-05	-2.71694e-10	-4.36828e-05	1.338998e-08	
193	1.469845e-05	2.714559e-10	-4.39091e-05	-1.33624e-08	
194	1.479845e-05	-2.71197e-10	-4.36833e-05	1.333491e-08	
195	1.489845e-05	2.709593e-10	-4.39087e-05	-1.33074e-08	
196	1.499845e-05	-2.70700e-10	-4.36838e-05	1.328006e-08	
197	1.509845e-05	2.704634e-10	-4.39082e-05	-1.32527e-08	
198	1.510000e-05	-2.54875e-10	-4.36985e-05	1.160672e-08	
199	1.510250e-05	-7.03217e-08	-5.00517e-05	3.427419e-07	
200	1.510750e-05	-7.14193e-08	-6.35655e-05	3.487455e-07	
201	1.511611e-05	-7.13367e-08	-8.97871e-05	3.561105e-07	
202	1.512782e-05	-7.25153e-08	-1.29886e-04	3.871420e-07	
203	1.514104e-05	-7.23417e-08	-9.27846e-05	5.258478e-07	
204	1.514979e-05	-7.32163e-08	-3.73112e-05	5.423064e-07	
205	1.515786e-05	-7.28013e-08	-1.42727e-05	2.431463e-07	
206	1.516880e-05	-7.36635e-08	2.153818e-06	5.378171e-07	
207	1.518028e-05	-7.32680e-08	-2.78310e-06	-4.36230e-10	
208	1.519097e-05	-7.40621e-08	2.367085e-06	5.906414e-07	
209	1.520000e-05	-7.35879e-08	-2.57783e-06	-7.24229e-08	
210	1.520126e-05	-2.71503e-10	-1.73766e-07	5.896207e-08	
211	1.520379e-05	2.648775e-10	1.509894e-07	-5.07672e-08	
212	1.520885e-05	-2.61615e-10	-1.42378e-07	4.785439e-08	
213	1.521896e-05	2.599962e-10	1.367809e-07	-4.57986e-08	
214	1.523919e-05	-2.59190e-10	-1.35394e-07	4.533844e-08	
215	1.527965e-05	2.587994e-10	1.335786e-07	-4.47289e-08	
216	1.536056e-05	-2.58581e-10	-1.33609e-07	4.465977e-08	
217	1.546056e-05	2.584290e-10	1.326493e-07	-4.44288e-08	
218	1.556056e-05	-2.58257e-10	-1.32696e-07	4.432587e-08	
219	1.566056e-05	2.581040e-10	1.317833e-07	-4.41304e-08	
220	1.576056e-05	-2.57933e-10	-1.31805e-07	4.400761e-08	
221	1.586056e-05	2.577798e-10	1.309145e-07	-4.38273e-08	
222	1.596056e-05	-2.57608e-10	-1.30927e-07	4.369571e-08	
223	1.606056e-05	2.574558e-10	1.300484e-07	-4.35238e-08	
224	1.616056e-05	-2.57285e-10	-1.30056e-07	4.338765e-08	
225	1.626056e-05	2.571319e-10	1.291869e-07	-4.32213e-08	
226	1.636056e-05	-2.56961e-10	-1.29193e-07	4.308257e-08	
227	1.646056e-05	2.568087e-10	1.283305e-07	-4.29203e-08	
228	1.656056e-05	-2.56638e-10	-1.28336e-07	4.278011e-08	

Index   time            v.x1.v1#branch  v.x2.v1#branch  v1#branch       
--------------------------------------------------------------------------------
229	1.666056e-05	2.564856e-10	1.274796e-07	-4.26210e-08	
230	1.676056e-05	-2.56315e-10	-1.27486e-07	4.248005e-08	
231	1.686056e-05	2.561628e-10	1.266343e-07	-4.23236e-08	
232	1.696056e-05	-2.55992e-10	-1.26642e-07	4.218230e-08	
233	1.706056e-05	2.558404e-10	1.257947e-07	-4.20282e-08	
234	1.716056e-05	-2.55671e-10	-1.25804e-07	4.188677e-08	
235	1.726056e-05	2.555184e-10	1.249608e-07	-4.17347e-08	
236	1.736056e-05	-2.55348e-10	-1.24971e-07	4.159341e-08	
237	1.746056e-05	2.551967e-10	1.241326e-07	-4.14432e-08	
238	1.756056e-05	-2.55027e-10	-1.24145e-07	4.130219e-08	
239	1.766056e-05	2.548753e-10	1.233101e-07	-4.11537e-08	
240	1.776056e-05	-2.54706e-10	-1.23325e-07	4.101307e-08	
241	1.786056e-05	2.545544e-10	1.224932e-07	-4.08662e-08	
242	1.796056e-05	-2.54385e-10	-1.22510e-07	4.072602e-08	
243	1.806056e-05	2.542338e-10	1.216819e-07	-4.05806e-08	
244	1.816056e-05	-2.54064e-10	-1.21701e-07	4.044103e-08	
245	1.826056e-05	2.539134e-10	1.208762e-07	-4.02970e-08	
246	1.836056e-05	-2.53744e-10	-1.20897e-07	4.015806e-08	
247	1.846056e-05	2.535933e-10	1.200761e-07	-4.00154e-08	
248	1.856056e-05	-2.53424e-10	-1.20100e-07	3.987710e-08	
249	1.866056e-05	2.532736e-10	1.192815e-07	-3.97358e-08	
250	1.876056e-05	-2.53105e-10	-1.19307e-07	3.959813e-08	
251	1.886056e-05	2.529541e-10	1.184924e-07	-3.94581e-08	
252	1.896056e-05	-2.52786e-10	-1.18521e-07	3.932113e-08	
253	1.906056e-05	2.526353e-10	1.177087e-07	-3.91823e-08	
254	1.916056e-05	-2.52467e-10	-1.17740e-07	3.904609e-08	
255	1.926056e-05	2.523165e-10	1.169304e-07	-3.89085e-08	
256	1.936056e-05	-2.52148e-10	-1.16964e-07	3.877298e-08	
257	1.946056e-05	2.519982e-10	1.161575e-07	-3.86365e-08	
258	1.956056e-05	-2.51830e-10	-1.16193e-07	3.850180e-08	
259	1.966056e-05	2.516800e-10	1.153900e-07	-3.83665e-08	
260	1.976056e-05	-2.51512e-10	-1.15428e-07	3.823253e-08	
261	1.986056e-05	2.513622e-10	1.146277e-07	-3.80983e-08	
262	1.996056e-05	-2.51195e-10	-1.14668e-07	3.796515e-08	
263	2.000000e-05	2.508087e-10	1.132979e-07	-3.76315e-08	
264	2.001000e-05	1.475569e-07	3.145495e-07	-2.76557e-07	
265	2.003000e-05	1.466938e-07	-1.23772e-07	-3.10627e-07	
266	2.005107e-05	1.458533e-07	-8.35349e-05	-5.42472e-07	
267	2.007092e-05	1.444283e-07	-1.55250e-04	-2.30007e-07	
268	2.008558e-05	1.431782e-07	-9.07952e-05	-5.22422e-07	
269	2.009922e-05	1.409919e-07	-5.16177e-05	-2.11885e-07	
270	2.010000e-05	1.405839e-07	-4.55470e-05	-3.85476e-07	
271	2.010141e-05	1.288646e-09	-4.72236e-05	-1.24046e-08	
272	2.010424e-05	-1.23516e-09	-4.73820e-05	1.052146e-08	
273	2.010923e-05	1.206853e-09	-4.72381e-05	-9.56794e-09	
274	2.011921e-05	-1.19215e-09	-4.73748e-05	9.110696e-09	
275	2.013918e-05	1.185486e-09	-4.72416e-05	-8.89484e-09	
276	2.017910e-05	-1.18187e-09	-4.73731e-05	8.785434e-09	
277	2.025895e-05	1.180215e-09	-4.72424e-05	-8.73264e-09	
278	2.035895e-05	-1.17879e-09	-4.73726e-05	8.689594e-09	
279	2.045895e-05	1.177456e-09	-4.72428e-05	-8.64758e-09	
280	2.055895e-05	-1.17604e-09	-4.73722e-05	8.604981e-09	
281	2.065895e-05	1.174710e-09	-4.72433e-05	-8.56328e-09	
282	2.075895e-05	-1.17330e-09	-4.73718e-05	8.521012e-09	
283	2.085895e-05	1.171972e-09	-4.72437e-05	-8.47964e-09	
284	2.095895e-05	-1.17057e-09	-4.73713e-05	8.437699e-09	
285	2.105895e-05	1.169242e-09	-4.72441e-05	-8.39664e-09	
286	2.115895e-05	-1.16784e-09	-4.73709e-05	8.355034e-09	

Index   time            v.x1.v1#branch  v.x2.v1#branch  v1#branch       
--------------------------------------------------------------------------------
287	2.125895e-05	1.166520e-09	-4.72446e-05	-8.31430e-09	
288	2.135895e-05	-1.16512e-09	-4.73705e-05	8.273013e-09	
289	2.145895e-05	1.163806e-09	-4.72450e-05	-8.23260e-09	
290	2.155895e-05	-1.16241e-09	-4.73701e-05	8.191633e-09	
291	2.165895e-05	1.161099e-09	-4.72454e-05	-8.15153e-09	
292	2.175895e-05	-1.15971e-09	-4.73696e-05	8.110887e-09	
293	2.185895e-05	1.158400e-09	-4.72458e-05	-8.07110e-09	
294	2.195895e-05	-1.15701e-09	-4.73692e-05	8.030771e-09	
295	2.205895e-05	1.155709e-09	-4.72462e-05	-7.99129e-09	
296	2.215895e-05	-1.15433e-09	-4.73688e-05	7.951280e-09	
297	2.225895e-05	1.153026e-09	-4.72466e-05	-7.91211e-09	
298	2.235895e-05	-1.15165e-09	-4.73684e-05	7.872410e-09	
299	2.245895e-05	1.150351e-09	-4.72470e-05	-7.83355e-09	
300	2.255895e-05	-1.14898e-09	-4.73680e-05	7.794156e-09	
301	2.265895e-05	1.147683e-09	-4.72474e-05	-7.75559e-09	
302	2.275895e-05	-1.14631e-09	-4.73676e-05	7.716513e-09	
303	2.285895e-05	1.145023e-09	-4.72478e-05	-7.67825e-09	
304	2.295895e-05	-1.14366e-09	-4.73672e-05	7.639477e-09	
305	2.305895e-05	1.142370e-09	-4.72482e-05	-7.60152e-09	
306	2.315895e-05	-1.14101e-09	-4.73668e-05	7.563043e-09	
307	2.325895e-05	1.139725e-09	-4.72486e-05	-7.52538e-09	
308	2.335895e-05	-1.13837e-09	-4.73664e-05	7.487207e-09	
309	2.345895e-05	1.137088e-09	-4.72490e-05	-7.44984e-09	
310	2.355895e-05	-1.13573e-09	-4.73660e-05	7.411965e-09	
311	2.365895e-05	1.134458e-09	-4.72494e-05	-7.37489e-09	
312	2.375895e-05	-1.13311e-09	-4.73656e-05	7.337310e-09	
313	2.385895e-05	1.131836e-09	-4.72498e-05	-7.30052e-09	
314	2.395895e-05	-1.13049e-09	-4.73652e-05	7.263241e-09	
315	2.405895e-05	1.129221e-09	-4.72502e-05	-7.22674e-09	
316	2.415895e-05	-1.12788e-09	-4.73649e-05	7.189751e-09	
317	2.425895e-05	1.126614e-09	-4.72506e-05	-7.15354e-09	
318	2.435895e-05	-1.12528e-09	-4.73645e-05	7.116837e-09	
319	2.445895e-05	1.124015e-09	-4.72510e-05	-7.08091e-09	
320	2.455895e-05	-1.12268e-09	-4.73641e-05	7.044494e-09	
321	2.465895e-05	1.121422e-09	-4.72513e-05	-7.00885e-09	
322	2.475895e-05	-1.12009e-09	-4.73637e-05	6.972719e-09	
323	2.485895e-05	1.118838e-09	-4.72517e-05	-6.93735e-09	
324	2.495895e-05	-1.11751e-09	-4.73634e-05	6.901506e-09	
325	2.505895e-05	1.116260e-09	-4.72521e-05	-6.86641e-09	
326	2.510000e-05	-1.11307e-09	-4.73627e-05	6.780218e-09	
327	2.510835e-05	-7.06929e-08	-5.99234e-05	3.604422e-07	
328	2.512506e-05	-7.26178e-08	-9.12797e-05	3.835760e-07	
329	2.514074e-05	-7.21319e-08	-9.68976e-05	-2.80484e-07	
330	2.515176e-05	-7.34759e-08	-5.84542e-05	9.806116e-07	
331	2.516211e-05	-7.26986e-08	-5.23301e-05	-3.39782e-07	
332	2.517503e-05	-7.39924e-08	-4.24471e-05	9.195301e-07	
333	2.520000e-05	-7.33969e-08	-5.04004e-05	-4.37703e-07	
334	2.520258e-05	-1.92587e-10	-4.65065e-05	-5.19159e-09	
335	2.520775e-05	1.892528e-10	-4.63457e-05	5.108653e-09	
336	2.521809e-05	-1.87567e-10	-4.65017e-05	-5.06940e-09	
337	2.523580e-05	1.866660e-10	-4.63482e-05	5.039275e-09	
338	2.527121e-05	-1.86158e-10	-4.65003e-05	-5.02939e-09	
339	2.534203e-05	1.859350e-10	-4.63488e-05	5.022976e-09	
340	2.544203e-05	-1.85758e-10	-4.64999e-05	-5.01817e-09	
341	2.554203e-05	1.855965e-10	-4.63491e-05	5.014560e-09	
342	2.564203e-05	-1.85421e-10	-4.64996e-05	-5.00954e-09	
343	2.574203e-05	1.852601e-10	-4.63495e-05	5.005930e-09	
344	2.584203e-05	-1.85085e-10	-4.64993e-05	-5.00094e-09	

Index   time            v.x1.v1#branch  v.x2.v1#branch  v1#branch       
--------------------------------------------------------------------------------
345	2.594203e-05	1.849242e-10	-4.63498e-05	4.997306e-09	
346	2.604203e-05	-1.84749e-10	-4.64990e-05	-4.99234e-09	
347	2.614203e-05	1.845886e-10	-4.63501e-05	4.988686e-09	
348	2.624203e-05	-1.84414e-10	-4.64987e-05	-4.98374e-09	
349	2.634203e-05	1.842539e-10	-4.63504e-05	4.980071e-09	
350	2.644203e-05	-1.84079e-10	-4.64984e-05	-4.97515e-09	
351	2.654203e-05	1.839195e-10	-4.63507e-05	4.971460e-09	
352	2.664203e-05	-1.83745e-10	-4.64980e-05	-4.96656e-09	
353	2.674203e-05	1.835857e-10	-4.63510e-05	4.962855e-09	
354	2.684203e-05	-1.83412e-10	-4.64977e-05	-4.95797e-09	
355	2.694203e-05	1.832521e-10	-4.63513e-05	4.954255e-09	
356	2.704203e-05	-1.83079e-10	-4.64974e-05	-4.94939e-09	
357	2.714203e-05	1.829194e-10	-4.63516e-05	4.945660e-09	
358	2.724203e-05	-1.82746e-10	-4.64971e-05	-4.94082e-09	
359	2.734203e-05	1.825871e-10	-4.63519e-05	4.937070e-09	
360	2.744203e-05	-1.82414e-10	-4.64968e-05	-4.93224e-09	
361	2.754203e-05	1.822554e-10	-4.63522e-05	4.928485e-09	
362	2.764203e-05	-1.82082e-10	-4.64965e-05	-4.92368e-09	
363	2.774203e-05	1.819240e-10	-4.63525e-05	4.919906e-09	
364	2.784203e-05	-1.81751e-10	-4.64962e-05	-4.91512e-09	
365	2.794203e-05	1.815932e-10	-4.63528e-05	4.911332e-09	
366	2.804203e-05	-1.81421e-10	-4.64959e-05	-4.90656e-09	
367	2.814203e-05	1.812626e-10	-4.63531e-05	4.902764e-09	
368	2.824203e-05	-1.81090e-10	-4.64956e-05	-4.89801e-09	
369	2.834203e-05	1.809329e-10	-4.63534e-05	4.894201e-09	
370	2.844203e-05	-1.80761e-10	-4.64953e-05	-4.88946e-09	
371	2.854203e-05	1.806034e-10	-4.63537e-05	4.885644e-09	
372	2.864203e-05	-1.80432e-10	-4.64950e-05	-4.88092e-09	
373	2.874203e-05	1.802748e-10	-4.63540e-05	4.877092e-09	
374	2.884203e-05	-1.80103e-10	-4.64947e-05	-4.87239e-09	
375	2.894203e-05	1.799465e-10	-4.63543e-05	4.868546e-09	
376	2.904203e-05	-1.79775e-10	-4.64944e-05	-4.86386e-09	
377	2.914203e-05	1.796185e-10	-4.63546e-05	4.860007e-09	
378	2.924203e-05	-1.79448e-10	-4.64941e-05	-4.85533e-09	
379	2.934203e-05	1.792912e-10	-4.63549e-05	4.851473e-09	
380	2.944203e-05	-1.79121e-10	-4.64938e-05	-4.84681e-09	
381	2.954203e-05	1.789644e-10	-4.63552e-05	4.842945e-09	
382	2.964203e-05	-1.78794e-10	-4.64936e-05	-4.83830e-09	
383	2.974203e-05	1.786380e-10	-4.63555e-05	4.834423e-09	
384	2.984203e-05	-1.78468e-10	-4.64933e-05	-4.82979e-09	
385	2.994203e-05	1.783121e-10	-4.63558e-05	4.825907e-09	
386	3.000000e-05	-1.78022e-10	-4.64929e-05	-4.81853e-09	
387	3.001000e-05	7.376196e-08	-4.62725e-05	-2.33138e-07	
388	3.003000e-05	7.336323e-08	-4.62951e-05	-2.74213e-07	
389	3.005453e-05	7.282333e-08	-7.78298e-05	-3.62282e-07	
390	3.008028e-05	7.185723e-08	-8.44567e-05	3.976979e-09	
391	3.009703e-05	7.076816e-08	-4.79240e-05	-7.21323e-07	
392	3.010000e-05	7.027614e-08	-5.02768e-05	-7.10193e-08	
393	3.010161e-05	-6.93565e-08	-4.98026e-05	2.830101e-08	
394	3.010484e-05	-7.20362e-08	-5.42272e-05	-2.46456e-08	
395	3.011129e-05	-7.02378e-08	-6.50097e-05	2.308893e-08	
396	3.012420e-05	-7.31933e-08	-8.93603e-05	-2.22300e-08	
397	3.013601e-05	-7.13624e-08	-1.11284e-04	-1.05108e-07	
398	3.014444e-05	-7.38775e-08	-7.33249e-05	8.783479e-08	
399	3.015226e-05	-7.18644e-08	-6.37163e-05	-6.76206e-08	
400	3.016206e-05	-7.43099e-08	-4.08848e-05	5.387918e-08	
401	3.017714e-05	-7.24295e-08	-4.85999e-05	-4.38736e-08	
402	3.019551e-05	-7.49192e-08	-3.92167e-05	3.732349e-08	

Index   time            v.x1.v1#branch  v.x2.v1#branch  v1#branch       
--------------------------------------------------------------------------------
403	3.020000e-05	-7.28162e-08	-4.84152e-05	-9.54316e-09	
404	3.020183e-05	-2.63097e-10	-4.39326e-05	-1.57999e-08	
405	3.020550e-05	2.567002e-10	-4.36676e-05	1.494040e-08	
406	3.021284e-05	-2.53550e-10	-4.39208e-05	-1.45292e-08	
407	3.022598e-05	2.518434e-10	-4.36735e-05	1.430416e-08	
408	3.025225e-05	-2.50917e-10	-4.39177e-05	-1.41929e-08	
409	3.030478e-05	2.505120e-10	-4.36750e-05	1.413801e-08	
410	3.040478e-05	-2.50270e-10	-4.39169e-05	-1.41090e-08	
411	3.050478e-05	2.500524e-10	-4.36756e-05	1.408033e-08	
412	3.060478e-05	-2.49815e-10	-4.39164e-05	-1.40516e-08	
413	3.070478e-05	2.495981e-10	-4.36761e-05	1.402292e-08	
414	3.080478e-05	-2.49361e-10	-4.39158e-05	-1.39943e-08	
415	3.090478e-05	2.491447e-10	-4.36766e-05	1.396575e-08	
416	3.100478e-05	-2.48908e-10	-4.39153e-05	-1.39372e-08	
417	3.110478e-05	2.486918e-10	-4.36772e-05	1.390883e-08	
418	3.120478e-05	-2.48456e-10	-4.39148e-05	-1.38804e-08	
419	3.130478e-05	2.482395e-10	-4.36777e-05	1.385215e-08	
420	3.140478e-05	-2.48004e-10	-4.39143e-05	-1.38239e-08	
421	3.150478e-05	2.477882e-10	-4.36782e-05	1.379571e-08	
422	3.160478e-05	-2.47553e-10	-4.39137e-05	-1.37676e-08	
423	3.170478e-05	2.473372e-10	-4.36787e-05	1.373952e-08	
424	3.180478e-05	-2.47102e-10	-4.39132e-05	-1.37115e-08	
425	3.190478e-05	2.468873e-10	-4.36793e-05	1.368357e-08	
426	3.200478e-05	-2.46652e-10	-4.39127e-05	-1.36557e-08	
427	3.210478e-05	2.464376e-10	-4.36798e-05	1.362785e-08	
428	3.220478e-05	-2.46203e-10	-4.39122e-05	-1.36001e-08	
429	3.230478e-05	2.459889e-10	-4.36803e-05	1.357238e-08	
430	3.240478e-05	-2.45755e-10	-4.39117e-05	-1.35447e-08	
431	3.250478e-05	2.455409e-10	-4.36808e-05	1.351714e-08	
432	3.260478e-05	-2.45307e-10	-4.39112e-05	-1.34896e-08	
433	3.270478e-05	2.450934e-10	-4.36813e-05	1.346215e-08	
434	3.280478e-05	-2.44860e-10	-4.39107e-05	-1.34347e-08	
435	3.290478e-05	2.446465e-10	-4.36818e-05	1.340738e-08	
436	3.300478e-05	-2.44414e-10	-4.39101e-05	-1.33801e-08	
437	3.310478e-05	2.442008e-10	-4.36823e-05	1.335286e-08	
438	3.320478e-05	-2.43968e-10	-4.39096e-05	-1.33257e-08	
439	3.330478e-05	2.437551e-10	-4.36828e-05	1.329856e-08	
440	3.340478e-05	-2.43523e-10	-4.39091e-05	-1.32715e-08	
441	3.350478e-05	2.433107e-10	-4.36833e-05	1.324450e-08	
442	3.360478e-05	-2.43079e-10	-4.39086e-05	-1.32175e-08	
443	3.370478e-05	2.428668e-10	-4.36838e-05	1.319067e-08	
444	3.380478e-05	-2.42635e-10	-4.39081e-05	-1.31638e-08	
445	3.390478e-05	2.424233e-10	-4.36843e-05	1.313707e-08	
446	3.400478e-05	-2.42192e-10	-4.39076e-05	-1.31103e-08	
447	3.410478e-05	2.419805e-10	-4.36848e-05	1.308371e-08	
448	3.420478e-05	-2.41750e-10	-4.39072e-05	-1.30571e-08	
449	3.430478e-05	2.415384e-10	-4.36853e-05	1.303057e-08	
450	3.440478e-05	-2.41308e-10	-4.39067e-05	-1.30041e-08	
451	3.450478e-05	2.410973e-10	-4.36858e-05	1.297765e-08	
452	3.460478e-05	-2.40867e-10	-4.39062e-05	-1.29513e-08	
453	3.470478e-05	2.406566e-10	-4.36863e-05	1.292497e-08	
454	3.480478e-05	-2.40427e-10	-4.39057e-05	-1.28987e-08	
455	3.490478e-05	2.402166e-10	-4.36868e-05	1.287251e-08	
456	3.500478e-05	-2.39987e-10	-4.39052e-05	-1.28463e-08	
457	3.510000e-05	2.397666e-10	-4.36873e-05	1.281897e-08	
458	3.511000e-05	-7.08094e-08	-7.08379e-05	3.458166e-07	
459	3.513000e-05	-7.28232e-08	-1.36396e-04	3.933782e-07	
460	3.514957e-05	-7.23818e-08	-4.38665e-05	5.758119e-07	

Index   time            v.x1.v1#branch  v.x2.v1#branch  v1#branch       
--------------------------------------------------------------------------------
461	3.516267e-05	-7.37446e-08	-1.00556e-06	2.651763e-07	
462	3.517523e-05	-7.29630e-08	-2.51574e-06	3.435743e-07	
463	3.519107e-05	-7.42804e-08	2.055894e-06	2.805572e-07	
464	3.520000e-05	-7.33712e-08	-2.26851e-06	2.343047e-07	
465	3.520209e-05	-1.65389e-10	-9.54947e-08	3.278633e-08	
466	3.520626e-05	1.629331e-10	8.759380e-08	-3.03794e-08	
467	3.521460e-05	-1.61716e-10	-8.37175e-08	2.862627e-08	
468	3.523129e-05	1.611285e-10	8.189024e-08	-2.83016e-08	
469	3.526468e-05	-1.60801e-10	-8.11154e-08	2.775400e-08	
470	3.533144e-05	1.606629e-10	8.043141e-08	-2.77361e-08	
471	3.543144e-05	-1.60555e-10	-8.04492e-08	2.754740e-08	
472	3.553144e-05	1.604603e-10	7.980606e-08	-2.74988e-08	
473	3.563144e-05	-1.60354e-10	-7.98763e-08	2.734983e-08	
474	3.573144e-05	1.602593e-10	7.920984e-08	-2.72820e-08	
475	3.583144e-05	-1.60153e-10	-7.92999e-08	2.714767e-08	
476	3.593144e-05	1.600584e-10	7.862344e-08	-2.70711e-08	
477	3.603144e-05	-1.59952e-10	-7.87245e-08	2.694449e-08	
478	3.613144e-05	1.598578e-10	7.804350e-08	-2.68633e-08	
479	3.623144e-05	-1.59752e-10	-7.81521e-08	2.674174e-08	
480	3.633144e-05	1.596573e-10	7.746888e-08	-2.66580e-08	
481	3.643144e-05	-1.59552e-10	-7.75832e-08	2.653993e-08	
482	3.653144e-05	1.594573e-10	7.689911e-08	-2.64546e-08	
483	3.663144e-05	-1.59352e-10	-7.70181e-08	2.633930e-08	
484	3.673144e-05	1.592575e-10	7.633394e-08	-2.62530e-08	
485	3.683144e-05	-1.59152e-10	-7.64570e-08	2.613997e-08	
486	3.693144e-05	1.590577e-10	7.577320e-08	-2.60530e-08	
487	3.703144e-05	-1.58952e-10	-7.58999e-08	2.594199e-08	
488	3.713144e-05	1.588582e-10	7.521681e-08	-2.58548e-08	
489	3.723144e-05	-1.58753e-10	-7.53468e-08	2.574540e-08	
490	3.733144e-05	1.586589e-10	7.466468e-08	-2.56580e-08	
491	3.743144e-05	-1.58554e-10	-7.47977e-08	2.555021e-08	
492	3.753144e-05	1.584595e-10	7.411676e-08	-2.54629e-08	
493	3.763144e-05	-1.58355e-10	-7.42527e-08	2.535643e-08	
494	3.773144e-05	1.582608e-10	7.357298e-08	-2.52692e-08	
495	3.783144e-05	-1.58156e-10	-7.37117e-08	2.516406e-08	
496	3.793144e-05	1.580621e-10	7.303330e-08	-2.50771e-08	
497	3.803144e-05	-1.57957e-10	-7.31746e-08	2.497310e-08	
498	3.813144e-05	1.578637e-10	7.249768e-08	-2.48864e-08	
499	3.823144e-05	-1.57759e-10	-7.26415e-08	2.478355e-08	
500	3.833144e-05	1.576652e-10	7.196608e-08	-2.46972e-08	
501	3.843144e-05	-1.57561e-10	-7.21124e-08	2.459540e-08	
502	3.853144e-05	1.574672e-10	7.143847e-08	-2.45094e-08	
503	3.863144e-05	-1.57363e-10	-7.15871e-08	2.440865e-08	
504	3.873144e-05	1.572694e-10	7.091480e-08	-2.43230e-08	
505	3.883144e-05	-1.57165e-10	-7.10658e-08	2.422328e-08	
506	3.893144e-05	1.570716e-10	7.039504e-08	-2.41381e-08	
507	3.903144e-05	-1.56967e-10	-7.05483e-08	2.403928e-08	
508	3.913144e-05	1.568742e-10	6.987917e-08	-2.39545e-08	
509	3.923144e-05	-1.56770e-10	-7.00347e-08	2.385666e-08	
510	3.933144e-05	1.566769e-10	6.936714e-08	-2.37724e-08	
511	3.943144e-05	-1.56573e-10	-6.95248e-08	2.367539e-08	
512	3.953144e-05	1.564800e-10	6.885893e-08	-2.35916e-08	
513	3.963144e-05	-1.56376e-10	-6.90188e-08	2.349547e-08	
514	3.973144e-05	1.562831e-10	6.835450e-08	-2.34121e-08	
515	3.983144e-05	-1.56179e-10	-6.85165e-08	2.331689e-08	
516	3.993144e-05	1.560865e-10	6.785382e-08	-2.32341e-08	
517	4.000000e-05	-1.55936e-10	-6.79032e-08	2.309874e-08	

             * /home/drako/esim-workspace/halfadder1/halfadder1.cir
             Transient Analysis  Tue Jun 29 19:05:36  2021
--------------------------------------------------------------------------------
Index   time            v2#branch       
--------------------------------------------------------------------------------
0	0.000000e+00	0.000000e+00	
1	1.000000e-09	-2.76121e-07	
2	2.000000e-09	-2.77846e-07	
3	4.000000e-09	-2.77115e-07	
4	8.000000e-09	-2.76814e-07	
5	1.600000e-08	-2.79648e-07	
6	3.200000e-08	-3.13868e-07	
7	5.085289e-08	-4.33950e-07	
8	6.848989e-08	-4.71262e-07	
9	8.339639e-08	2.527023e-07	
10	9.392399e-08	-5.80313e-07	
11	1.000000e-07	-4.57409e-08	
12	1.010724e-07	4.352834e-08	
13	1.032171e-07	-3.53725e-08	
14	1.075065e-07	3.179826e-08	
15	1.138771e-07	-2.95965e-08	
16	1.266181e-07	2.844760e-08	
17	1.521002e-07	-2.79704e-08	
18	2.030644e-07	2.768915e-08	
19	3.030644e-07	-2.75702e-08	
20	4.030644e-07	2.743110e-08	
21	5.030644e-07	-2.73079e-08	
22	6.030644e-07	2.717180e-08	
23	7.030644e-07	-2.70496e-08	
24	8.030644e-07	2.691444e-08	
25	9.030644e-07	-2.67931e-08	
26	1.003064e-06	2.665902e-08	
27	1.103064e-06	-2.65386e-08	
28	1.203064e-06	2.640552e-08	
29	1.303064e-06	-2.62860e-08	
30	1.403064e-06	2.615392e-08	
31	1.503064e-06	-2.60353e-08	
32	1.603064e-06	2.590420e-08	
33	1.703064e-06	-2.57865e-08	
34	1.803064e-06	2.565637e-08	
35	1.903064e-06	-2.55395e-08	
36	2.003064e-06	2.541039e-08	
37	2.103064e-06	-2.52944e-08	
38	2.203064e-06	2.516626e-08	
39	2.303064e-06	-2.50512e-08	
40	2.403064e-06	2.492396e-08	
41	2.503064e-06	-2.48098e-08	
42	2.603064e-06	2.468349e-08	
43	2.703064e-06	-2.45701e-08	
44	2.803064e-06	2.444482e-08	
45	2.903064e-06	-2.43323e-08	
46	3.003064e-06	2.420794e-08	
47	3.103064e-06	-2.40963e-08	
48	3.203064e-06	2.397284e-08	
49	3.303064e-06	-2.38620e-08	
50	3.403064e-06	2.373951e-08	
51	3.503064e-06	-2.36295e-08	
52	3.603064e-06	2.350793e-08	
53	3.703064e-06	-2.33988e-08	
54	3.803064e-06	2.327809e-08	

Index   time            v2#branch       
--------------------------------------------------------------------------------
55	3.903064e-06	-2.31698e-08	
56	4.003064e-06	2.304998e-08	
57	4.103064e-06	-2.29425e-08	
58	4.203064e-06	2.282358e-08	
59	4.303064e-06	-2.27169e-08	
60	4.403064e-06	2.259888e-08	
61	4.503064e-06	-2.24930e-08	
62	4.603064e-06	2.237587e-08	
63	4.703064e-06	-2.22708e-08	
64	4.803064e-06	2.215454e-08	
65	4.903064e-06	-2.20503e-08	
66	5.003064e-06	2.193487e-08	
67	5.100000e-06	-2.18280e-08	
68	5.110000e-06	6.237215e-10	
69	5.130000e-06	-1.58997e-07	
70	5.148659e-06	-4.21914e-07	
71	5.160921e-06	4.047330e-07	
72	5.173058e-06	-3.88001e-07	
73	5.188117e-06	3.740376e-07	
74	5.200000e-06	-3.58273e-07	
75	5.203012e-06	-1.59630e-08	
76	5.209036e-06	1.540449e-08	
77	5.221083e-06	-1.51325e-08	
78	5.244422e-06	1.499388e-08	
79	5.291101e-06	-1.49248e-08	
80	5.384458e-06	1.489052e-08	
81	5.484458e-06	-1.48585e-08	
82	5.584458e-06	1.482651e-08	
83	5.684458e-06	-1.47946e-08	
84	5.784458e-06	1.476279e-08	
85	5.884458e-06	-1.47310e-08	
86	5.984458e-06	1.469934e-08	
87	6.084458e-06	-1.46677e-08	
88	6.184458e-06	1.463613e-08	
89	6.284458e-06	-1.46046e-08	
90	6.384458e-06	1.457318e-08	
91	6.484458e-06	-1.45418e-08	
92	6.584458e-06	1.451048e-08	
93	6.684458e-06	-1.44792e-08	
94	6.784458e-06	1.444803e-08	
95	6.884458e-06	-1.44169e-08	
96	6.984458e-06	1.438584e-08	
97	7.084458e-06	-1.43548e-08	
98	7.184458e-06	1.432389e-08	
99	7.284458e-06	-1.42930e-08	
100	7.384458e-06	1.426220e-08	
101	7.484458e-06	-1.42314e-08	
102	7.584458e-06	1.420075e-08	
103	7.684458e-06	-1.41701e-08	
104	7.784458e-06	1.413954e-08	
105	7.884458e-06	-1.41090e-08	
106	7.984458e-06	1.407859e-08	
107	8.084458e-06	-1.40482e-08	
108	8.184458e-06	1.401788e-08	
109	8.284458e-06	-1.39876e-08	
110	8.384458e-06	1.395741e-08	
111	8.484458e-06	-1.39273e-08	
112	8.584458e-06	1.389718e-08	

Index   time            v2#branch       
--------------------------------------------------------------------------------
113	8.684458e-06	-1.38672e-08	
114	8.784458e-06	1.383720e-08	
115	8.884458e-06	-1.38073e-08	
116	8.984458e-06	1.377746e-08	
117	9.084458e-06	-1.37477e-08	
118	9.184458e-06	1.371796e-08	
119	9.284458e-06	-1.36883e-08	
120	9.384458e-06	1.365870e-08	
121	9.484458e-06	-1.36292e-08	
122	9.584458e-06	1.359968e-08	
123	9.684458e-06	-1.35702e-08	
124	9.784458e-06	1.354089e-08	
125	9.884458e-06	-1.35116e-08	
126	9.984458e-06	1.348234e-08	
127	1.000000e-05	-1.32955e-08	
128	1.000551e-05	4.276084e-10	
129	1.001654e-05	4.077937e-10	
130	1.003860e-05	-3.41964e-11	
131	1.006576e-05	4.728575e-10	
132	1.009440e-05	4.021981e-07	
133	1.010000e-05	-5.43461e-08	
134	1.010265e-05	2.835401e-07	
135	1.010796e-05	3.072300e-07	
136	1.011847e-05	2.975377e-07	
137	1.012937e-05	3.407663e-07	
138	1.014222e-05	-1.15676e-07	
139	1.015054e-05	8.782696e-07	
140	1.015838e-05	-1.07142e-07	
141	1.016873e-05	7.251210e-07	
142	1.018652e-05	-4.65369e-08	
143	1.020000e-05	5.683557e-07	
144	1.020172e-05	-7.05789e-09	
145	1.020517e-05	6.305744e-09	
146	1.021206e-05	-6.03900e-09	
147	1.022448e-05	5.798383e-09	
148	1.024934e-05	-5.78001e-09	
149	1.029904e-05	5.675418e-09	
150	1.039845e-05	-5.71145e-09	
151	1.049845e-05	5.636193e-09	
152	1.059845e-05	-5.66700e-09	
153	1.069845e-05	5.596176e-09	
154	1.079845e-05	-5.62307e-09	
155	1.089845e-05	5.556047e-09	
156	1.099845e-05	-5.57961e-09	
157	1.109845e-05	5.515873e-09	
158	1.119845e-05	-5.53658e-09	
159	1.129845e-05	5.475703e-09	
160	1.139845e-05	-5.49394e-09	
161	1.149845e-05	5.435573e-09	
162	1.159845e-05	-5.45164e-09	
163	1.169845e-05	5.395513e-09	
164	1.179845e-05	-5.40968e-09	
165	1.189845e-05	5.355545e-09	
166	1.199845e-05	-5.36802e-09	
167	1.209845e-05	5.315687e-09	
168	1.219845e-05	-5.32665e-09	
169	1.229845e-05	5.275953e-09	
170	1.239845e-05	-5.28557e-09	

Index   time            v2#branch       
--------------------------------------------------------------------------------
171	1.249845e-05	5.236354e-09	
172	1.259845e-05	-5.24476e-09	
173	1.269845e-05	5.196900e-09	
174	1.279845e-05	-5.20420e-09	
175	1.289845e-05	5.157599e-09	
176	1.299845e-05	-5.16391e-09	
177	1.309845e-05	5.118457e-09	
178	1.319845e-05	-5.12386e-09	
179	1.329845e-05	5.079479e-09	
180	1.339845e-05	-5.08405e-09	
181	1.349845e-05	5.040669e-09	
182	1.359845e-05	-5.04448e-09	
183	1.369845e-05	5.002032e-09	
184	1.379845e-05	-5.00515e-09	
185	1.389845e-05	4.963569e-09	
186	1.399845e-05	-4.96605e-09	
187	1.409845e-05	4.925285e-09	
188	1.419845e-05	-4.92717e-09	
189	1.429845e-05	4.887180e-09	
190	1.439845e-05	-4.88852e-09	
191	1.449845e-05	4.849256e-09	
192	1.459845e-05	-4.85009e-09	
193	1.469845e-05	4.811516e-09	
194	1.479845e-05	-4.81188e-09	
195	1.489845e-05	4.773959e-09	
196	1.499845e-05	-4.77389e-09	
197	1.509845e-05	4.736588e-09	
198	1.510000e-05	-3.65149e-09	
199	1.510250e-05	-2.78818e-09	
200	1.510750e-05	-2.07634e-09	
201	1.511611e-05	-1.67113e-09	
202	1.512782e-05	7.454739e-09	
203	1.514104e-05	-3.31334e-08	
204	1.514979e-05	1.233874e-07	
205	1.515786e-05	-8.93260e-08	
206	1.516880e-05	1.072013e-07	
207	1.518028e-05	-1.12087e-07	
208	1.519097e-05	1.173305e-07	
209	1.520000e-05	-1.23093e-07	
210	1.520126e-05	9.042752e-09	
211	1.520379e-05	-6.69028e-09	
212	1.520885e-05	5.650685e-09	
213	1.521896e-05	-5.16309e-09	
214	1.523919e-05	4.926802e-09	
215	1.527965e-05	-4.81387e-09	
216	1.536056e-05	4.750375e-09	
217	1.546056e-05	-4.70726e-09	
218	1.556056e-05	4.657927e-09	
219	1.566056e-05	-4.61476e-09	
220	1.576056e-05	4.565857e-09	
221	1.586056e-05	-4.52305e-09	
222	1.596056e-05	4.474560e-09	
223	1.606056e-05	-4.43211e-09	
224	1.616056e-05	4.384031e-09	
225	1.626056e-05	-4.34194e-09	
226	1.636056e-05	4.294264e-09	
227	1.646056e-05	-4.25253e-09	
228	1.656056e-05	4.205252e-09	

Index   time            v2#branch       
--------------------------------------------------------------------------------
229	1.666056e-05	-4.16387e-09	
230	1.676056e-05	4.116991e-09	
231	1.686056e-05	-4.07596e-09	
232	1.696056e-05	4.029473e-09	
233	1.706056e-05	-3.98879e-09	
234	1.716056e-05	3.942694e-09	
235	1.726056e-05	-3.90235e-09	
236	1.736056e-05	3.856646e-09	
237	1.746056e-05	-3.81664e-09	
238	1.756056e-05	3.771326e-09	
239	1.766056e-05	-3.73166e-09	
240	1.776056e-05	3.686726e-09	
241	1.786056e-05	-3.64740e-09	
242	1.796056e-05	3.602841e-09	
243	1.806056e-05	-3.56384e-09	
244	1.816056e-05	3.519665e-09	
245	1.826056e-05	-3.48100e-09	
246	1.836056e-05	3.437193e-09	
247	1.846056e-05	-3.39885e-09	
248	1.856056e-05	3.355419e-09	
249	1.866056e-05	-3.31740e-09	
250	1.876056e-05	3.274337e-09	
251	1.886056e-05	-3.23664e-09	
252	1.896056e-05	3.193942e-09	
253	1.906056e-05	-3.15657e-09	
254	1.916056e-05	3.114228e-09	
255	1.926056e-05	-3.07717e-09	
256	1.936056e-05	3.035191e-09	
257	1.946056e-05	-2.99845e-09	
258	1.956056e-05	2.956823e-09	
259	1.966056e-05	-2.92039e-09	
260	1.976056e-05	2.879121e-09	
261	1.986056e-05	-2.84300e-09	
262	1.996056e-05	2.802079e-09	
263	2.000000e-05	-2.70973e-09	
264	2.001000e-05	-2.77174e-07	
265	2.003000e-05	-3.01826e-07	
266	2.005107e-05	-4.36365e-07	
267	2.007092e-05	-1.38673e-07	
268	2.008558e-05	1.283244e-08	
269	2.009922e-05	-6.17409e-07	
270	2.010000e-05	8.393017e-08	
271	2.010141e-05	-6.65489e-09	
272	2.010424e-05	5.780520e-09	
273	2.010923e-05	-5.34907e-09	
274	2.011921e-05	5.125090e-09	
275	2.013918e-05	-5.03326e-09	
276	2.017910e-05	4.975724e-09	
277	2.025895e-05	-4.95708e-09	
278	2.035895e-05	4.931518e-09	
279	2.045895e-05	-4.91748e-09	
280	2.055895e-05	4.892190e-09	
281	2.065895e-05	-4.87829e-09	
282	2.075895e-05	4.853148e-09	
283	2.085895e-05	-4.83939e-09	
284	2.095895e-05	4.814400e-09	
285	2.105895e-05	-4.80078e-09	
286	2.115895e-05	4.775943e-09	

Index   time            v2#branch       
--------------------------------------------------------------------------------
287	2.125895e-05	-4.76246e-09	
288	2.135895e-05	4.737775e-09	
289	2.145895e-05	-4.72443e-09	
290	2.155895e-05	4.699895e-09	
291	2.165895e-05	-4.68669e-09	
292	2.175895e-05	4.662299e-09	
293	2.185895e-05	-4.64923e-09	
294	2.195895e-05	4.624985e-09	
295	2.205895e-05	-4.61205e-09	
296	2.215895e-05	4.587953e-09	
297	2.225895e-05	-4.57516e-09	
298	2.235895e-05	4.551199e-09	
299	2.245895e-05	-4.53854e-09	
300	2.255895e-05	4.514721e-09	
301	2.265895e-05	-4.50219e-09	
302	2.275895e-05	4.478518e-09	
303	2.285895e-05	-4.46612e-09	
304	2.295895e-05	4.442587e-09	
305	2.305895e-05	-4.43032e-09	
306	2.315895e-05	4.406926e-09	
307	2.325895e-05	-4.39479e-09	
308	2.335895e-05	4.371534e-09	
309	2.345895e-05	-4.35953e-09	
310	2.355895e-05	4.336409e-09	
311	2.365895e-05	-4.32453e-09	
312	2.375895e-05	4.301547e-09	
313	2.385895e-05	-4.28980e-09	
314	2.395895e-05	4.266948e-09	
315	2.405895e-05	-4.25532e-09	
316	2.415895e-05	4.232610e-09	
317	2.425895e-05	-4.22111e-09	
318	2.435895e-05	4.198530e-09	
319	2.445895e-05	-4.18715e-09	
320	2.455895e-05	4.164707e-09	
321	2.465895e-05	-4.15346e-09	
322	2.475895e-05	4.131139e-09	
323	2.485895e-05	-4.12001e-09	
324	2.495895e-05	4.097823e-09	
325	2.505895e-05	-4.08682e-09	
326	2.510000e-05	4.040829e-09	
327	2.510835e-05	1.011062e-09	
328	2.512506e-05	5.323751e-09	
329	2.514074e-05	-1.17213e-06	
330	2.515176e-05	1.146277e-06	
331	2.516211e-05	-1.11982e-06	
332	2.517503e-05	1.098771e-06	
333	2.520000e-05	-1.08890e-06	
334	2.520258e-05	-2.50084e-08	
335	2.520775e-05	2.399799e-08	
336	2.521809e-05	-2.35085e-08	
337	2.523580e-05	2.322719e-08	
338	2.527121e-05	-2.30873e-08	
339	2.534203e-05	2.301781e-08	
340	2.544203e-05	-2.29685e-08	
341	2.554203e-05	2.291954e-08	
342	2.564203e-05	-2.28706e-08	
343	2.574203e-05	2.282171e-08	
344	2.584203e-05	-2.27729e-08	

Index   time            v2#branch       
--------------------------------------------------------------------------------
345	2.594203e-05	2.272428e-08	
346	2.604203e-05	-2.26757e-08	
347	2.614203e-05	2.262725e-08	
348	2.624203e-05	-2.25789e-08	
349	2.634203e-05	2.253061e-08	
350	2.644203e-05	-2.24824e-08	
351	2.654203e-05	2.243436e-08	
352	2.664203e-05	-2.23864e-08	
353	2.674203e-05	2.233851e-08	
354	2.684203e-05	-2.22907e-08	
355	2.694203e-05	2.224304e-08	
356	2.704203e-05	-2.21954e-08	
357	2.714203e-05	2.214796e-08	
358	2.724203e-05	-2.21005e-08	
359	2.734203e-05	2.205327e-08	
360	2.744203e-05	-2.20060e-08	
361	2.754203e-05	2.195896e-08	
362	2.764203e-05	-2.19119e-08	
363	2.774203e-05	2.186503e-08	
364	2.784203e-05	-2.18182e-08	
365	2.794203e-05	2.177149e-08	
366	2.804203e-05	-2.17248e-08	
367	2.814203e-05	2.167832e-08	
368	2.824203e-05	-2.16319e-08	
369	2.834203e-05	2.158554e-08	
370	2.844203e-05	-2.15393e-08	
371	2.854203e-05	2.149313e-08	
372	2.864203e-05	-2.14470e-08	
373	2.874203e-05	2.140110e-08	
374	2.884203e-05	-2.13552e-08	
375	2.894203e-05	2.130944e-08	
376	2.904203e-05	-2.12637e-08	
377	2.914203e-05	2.121815e-08	
378	2.924203e-05	-2.11726e-08	
379	2.934203e-05	2.112724e-08	
380	2.944203e-05	-2.10819e-08	
381	2.954203e-05	2.103669e-08	
382	2.964203e-05	-2.09915e-08	
383	2.974203e-05	2.094652e-08	
384	2.984203e-05	-2.09015e-08	
385	2.994203e-05	2.085671e-08	
386	3.000000e-05	-2.07795e-08	
387	3.001000e-05	3.954207e-10	
388	3.003000e-05	2.222296e-10	
389	3.005453e-05	-1.77246e-10	
390	3.008028e-05	4.440241e-07	
391	3.009703e-05	5.167688e-08	
392	3.010000e-05	-9.08864e-08	
393	3.010161e-05	3.082880e-07	
394	3.010484e-05	2.855278e-07	
395	3.011129e-05	3.126106e-07	
396	3.012420e-05	3.065661e-07	
397	3.013601e-05	-7.43260e-07	
398	3.014444e-05	1.531667e-06	
399	3.015226e-05	-7.07157e-07	
400	3.016206e-05	1.375091e-06	
401	3.017714e-05	-6.39452e-07	
402	3.019551e-05	1.042567e-06	

Index   time            v2#branch       
--------------------------------------------------------------------------------
403	3.020000e-05	-2.87878e-07	
404	3.020183e-05	8.115686e-09	
405	3.020550e-05	-7.27102e-09	
406	3.021284e-05	6.979187e-09	
407	3.022598e-05	-6.71298e-09	
408	3.025225e-05	6.676909e-09	
409	3.030478e-05	-6.56320e-09	
410	3.040478e-05	6.600846e-09	
411	3.050478e-05	-6.51642e-09	
412	3.060478e-05	6.545773e-09	
413	3.070478e-05	-6.46949e-09	
414	3.080478e-05	6.492001e-09	
415	3.090478e-05	-6.42201e-09	
416	3.100478e-05	6.439206e-09	
417	3.110478e-05	-6.37422e-09	
418	3.120478e-05	6.387183e-09	
419	3.130478e-05	-6.32627e-09	
420	3.140478e-05	6.335798e-09	
421	3.150478e-05	-6.27828e-09	
422	3.160478e-05	6.284959e-09	
423	3.170478e-05	-6.23032e-09	
424	3.180478e-05	6.234600e-09	
425	3.190478e-05	-6.18243e-09	
426	3.200478e-05	6.184676e-09	
427	3.210478e-05	-6.13465e-09	
428	3.220478e-05	6.135149e-09	
429	3.230478e-05	-6.08700e-09	
430	3.240478e-05	6.085994e-09	
431	3.250478e-05	-6.03952e-09	
432	3.260478e-05	6.037188e-09	
433	3.270478e-05	-5.99221e-09	
434	3.280478e-05	5.988714e-09	
435	3.290478e-05	-5.94508e-09	
436	3.300478e-05	5.940559e-09	
437	3.310478e-05	-5.89814e-09	
438	3.320478e-05	5.892711e-09	
439	3.330478e-05	-5.85140e-09	
440	3.340478e-05	5.845161e-09	
441	3.350478e-05	-5.80487e-09	
442	3.360478e-05	5.797901e-09	
443	3.370478e-05	-5.75854e-09	
444	3.380478e-05	5.750923e-09	
445	3.390478e-05	-5.71243e-09	
446	3.400478e-05	5.704222e-09	
447	3.410478e-05	-5.66653e-09	
448	3.420478e-05	5.657792e-09	
449	3.430478e-05	-5.62085e-09	
450	3.440478e-05	5.611629e-09	
451	3.450478e-05	-5.57539e-09	
452	3.460478e-05	5.565729e-09	
453	3.470478e-05	-5.53014e-09	
454	3.480478e-05	5.520087e-09	
455	3.490478e-05	-5.48512e-09	
456	3.500478e-05	5.474701e-09	
457	3.510000e-05	-5.43922e-09	
458	3.511000e-05	-2.75468e-09	
459	3.513000e-05	4.820043e-09	
460	3.514957e-05	7.238300e-08	

Index   time            v2#branch       
--------------------------------------------------------------------------------
461	3.516267e-05	-3.03808e-08	
462	3.517523e-05	2.695091e-08	
463	3.519107e-05	-2.21562e-08	
464	3.520000e-05	1.432275e-08	
465	3.520209e-05	7.793396e-09	
466	3.520626e-05	-6.81816e-09	
467	3.521460e-05	6.364504e-09	
468	3.523129e-05	-6.15338e-09	
469	3.526468e-05	6.035440e-09	
470	3.533144e-05	-5.98759e-09	
471	3.543144e-05	5.949437e-09	
472	3.553144e-05	-5.91665e-09	
473	3.563144e-05	5.879460e-09	
474	3.573144e-05	-5.84693e-09	
475	3.583144e-05	5.810049e-09	
476	3.593144e-05	-5.77779e-09	
477	3.603144e-05	5.741215e-09	
478	3.613144e-05	-5.70922e-09	
479	3.623144e-05	5.672950e-09	
480	3.633144e-05	-5.64122e-09	
481	3.643144e-05	5.605252e-09	
482	3.653144e-05	-5.57378e-09	
483	3.663144e-05	5.538114e-09	
484	3.673144e-05	-5.50691e-09	
485	3.683144e-05	5.471532e-09	
486	3.693144e-05	-5.44058e-09	
487	3.703144e-05	5.405502e-09	
488	3.713144e-05	-5.37481e-09	
489	3.723144e-05	5.340018e-09	
490	3.733144e-05	-5.30958e-09	
491	3.743144e-05	5.275078e-09	
492	3.753144e-05	-5.24489e-09	
493	3.763144e-05	5.210676e-09	
494	3.773144e-05	-5.18074e-09	
495	3.783144e-05	5.146808e-09	
496	3.793144e-05	-5.11712e-09	
497	3.803144e-05	5.083469e-09	
498	3.813144e-05	-5.05403e-09	
499	3.823144e-05	5.020656e-09	
500	3.833144e-05	-4.99146e-09	
501	3.843144e-05	4.958363e-09	
502	3.853144e-05	-4.92941e-09	
503	3.863144e-05	4.896588e-09	
504	3.873144e-05	-4.86787e-09	
505	3.883144e-05	4.835325e-09	
506	3.893144e-05	-4.80685e-09	
507	3.903144e-05	4.774571e-09	
508	3.913144e-05	-4.74633e-09	
509	3.923144e-05	4.714322e-09	
510	3.933144e-05	-4.68632e-09	
511	3.943144e-05	4.654573e-09	
512	3.953144e-05	-4.62680e-09	
513	3.963144e-05	4.595320e-09	
514	3.973144e-05	-4.56778e-09	
515	3.983144e-05	4.536560e-09	
516	3.993144e-05	-4.50925e-09	
517	4.000000e-05	4.464566e-09	
